
1000.0 10.0 0,99 25 0.7 -80 0,14 0,92 0.3 1 60 -3706,219 -314,735 0,891 34 21 23,555
1000.0 10.0 0,99 25 0.7 -80 0,14 0,92 0.3 1 60 -3490,23 -315,057 0,927 34 18 21,626
1000.0 10.0 0,99 25 0.7 -80 0,14 0,92 0.3 1 60 -4678,915 -315,724 0,955 51 23 19,563
1000.0 10.0 0,99 25 0.7 -80 0,14 0,92 0.3 1 60 -5664,075 -301,817 0,892 56 32 21,226
1000.0 10.0 0,99 25 0.7 -80 0,14 0,92 0.3 1 60 -3965,575 -387,353 0,889 43 19 20,704
1000.0 10.0 0,99 25 0.7 -80 0,14 0,94 0.3 1 60 -4131,322 -302,012 0,86 48 21 20,406
1000.0 10.0 0,99 25 0.7 -80 0,14 0,94 0.3 1 60 -4005,974 -325,937 0,901 51 17 21,387
1000.0 10.0 0,99 25 0.7 -80 0,14 0,94 0.3 1 60 -3606,05 -293,719 0,996 36 20 20,892
1000.0 10.0 0,99 25 0.7 -80 0,14 0,94 0.3 1 60 -4883,404 -272,082 0,903 58 25 20,534
1000.0 10.0 0,99 25 0.7 -80 0,14 0,94 0.3 1 60 -4505,417 -479,747 0,89 48 24 20,194
1000.0 10.0 0,99 25 0.7 -80 0,14 0,92 0.3 1 60 -1521,543 -148,812 0,911 17 3 19,222
1000.0 10.0 0,99 25 0.7 -80 0,14 0,92 0.3 1 60 -5054,848 -338,628 0,876 53 30 21,756
1000.0 10.0 0,99 25 0.7 -80 0,14 0,92 0.3 1 60 -1517,341 -221,392 0,887 16 4 20,148
1000.0 10.0 0,99 25 0.7 -80 0,14 0,92 0.3 1 60 -3872,96 -348,533 0,987 41 19 21,2
1000.0 10.0 0,99 25 0.7 -80 0,14 0,92 0.3 1 60 -2760,885 -209,492 0,948 32 10 20,26
1000.0 10.0 0,99 25 0.7 -80 0,14 0,92 0.3 1 60 -3376,663 -307,066 0,897 36 17 20,126
1000.0 10.0 0,99 25 0.7 -80 0,14 0,92 0.3 1 60 -5561,18 -396,184 0,973 67 24 19,976
1000.0 10.0 0,99 25 0.7 -80 0,14 0,92 0.3 1 60 -3655,312 -352,178 0,947 39 18 19,727
1000.0 10.0 0,99 25 0.7 -80 0,14 0,92 0.3 1 60 -2864,757 -261,125 0,949 29 15 21,089
1000.0 10.0 0,99 25 0.7 -80 0,14 0,92 0.3 1 60 -2580,811 -339,949 0,903 26 13 19,562
1000.0 10.0 0,99 25 0.7 -80 0,14 0,92 0.3 1 60 -2668,765 -305,062 0,932 30 10 19,353
1000.0 10.0 0,99 25 0.7 -80 0,14 0,92 0.3 1 60 -3977,95 -241,49 0,963 50 16 19,631
1000.0 10.0 0,99 25 0.7 -80 0,14 0,92 0.3 1 60 -5963,351 -428,253 0,946 63 31 21,333
1000.0 10.0 0,99 25 0.7 -80 0,14 0,92 0.3 1 60 -1914,582 -174,196 0,829 17 9 19,83
1000.0 10.0 0,99 25 0.7 -80 0,14 0,92 0.3 1 60 -3197,365 -306,315 1,024 32 14 21,34
1500.0 10.0 0,99 25 0.7 -80 0,14 0,92 0.3 1 60 -1862,697 -250,833 0,868 23 6 20,412
1500.0 10.0 0,99 25 0.7 -80 0,14 0,92 0.3 1 60 -4141,178 -494,215 0,921 47 21 26,108
1500.0 10.0 0,99 25 0.7 -80 0,14 0,92 0.3 1 60 -4481,505 -349,715 0,877 44 23 21,468
1500.0 10.0 0,99 25 0.7 -80 0,14 0,92 0.3 1 60 -3096,429 -436,717 0,818 30 15 21,475
1500.0 10.0 0,99 25 0.7 -80 0,14 0,92 0.3 1 60 -3041,251 -332,713 0,895 35 12 23,024
1000.0 10.0 0,99 25 0.7 -90 0,14 0,92 0.3 1 60 -4047,997 -554,714 0,907 43 21 20,121
1000.0 10.0 0,99 25 0.7 -90 0,14 0,92 0.3 1 60 -2723,675 -233,102 0,921 30 12 23,847
1000.0 10.0 0,99 25 0.7 -90 0,14 0,92 0.3 1 60 -2445,393 -220,988 0,901 31 10 34,61
1000.0 10.0 0,99 25 0.7 -90 0,14 0,92 0.3 1 60 -3594,395 -253,441 0,896 43 16 22,846
1000.0 10.0 0,99 25 0.7 -90 0,14 0,92 0.3 1 60 -3436,292 -325,326 0,965 45 13 23,282
1000.0 10.0 0,99 30 0.7 -80 0,14 0,92 0.3 1 60 -4190,324 -307,796 1,032 42 21 28,651
1000.0 10.0 0,99 30 0.7 -80 0,14 0,92 0.3 1 60 -2589,051 -324,924 0,888 29 12 25,27
1000.0 10.0 0,99 30 0.7 -80 0,14 0,92 0.3 1 60 -3836,417 -300,303 0,927 45 18 25,544
1000.0 10.0 0,99 30 0.7 -80 0,14 0,92 0.3 1 60 -2153,926 -226,441 0,884 24 10 24,967
1000.0 10.0 0,99 30 0.7 -80 0,14 0,92 0.3 1 60 -3223,526 -417,673 0,853 34 17 24,656
1000.0 10.0 0,99 25 0.7 -70 0,14 0,92 0.3 1 60 -3888,643 -389,782 0,876 36 22 21,182
1000.0 10.0 0,99 25 0.7 -70 0,14 0,92 0.3 1 60 -5048,492 -317,997 0,888 52 28 20,568
1000.0 10.0 0,99 25 0.7 -70 0,14 0,92 0.3 1 60 -3105,925 -351,519 0,905 35 14 21,573
1000.0 10.0 0,99 25 0.7 -70 0,14 0,92 0.3 1 60 -3969,859 -396,719 0,707 40 22 21,246
1000.0 10.0 0,99 25 0.7 -70 0,14 0,92 0.3 1 60 -2940,687 -360,739 0,862 31 13 21,03
1000.0 10.0 0,99 25 0.7 -80 0,14 0,92 0.3 1 60 -4402,562 -439,014 0,865 47 26 22,126
1000.0 10.0 0,99 25 0.7 -80 0,14 0,92 0.3 1 60 -2267,132 -228,452 0,876 29 8 22,62
1000.0 10.0 0,99 25 0.7 -80 0,14 0,92 0.3 1 60 -6443,49 -444,902 0,968 72 32 22,64
1000.0 10.0 0,99 25 0.7 -80 0,14 0,92 0.3 1 60 -4155,879 -286,939 0,847 44 22 21,937
1000.0 10.0 0,99 25 0.7 -80 0,14 0,92 0.3 1 60 -4483,849 -298,858 0,88 47 24 21,749
1000.0 10.0 0,99 25 0.7 -80 0,14 0,92 0.3 1 60 -3515,056 -263,108 0,865 39 16 21,897
1000.0 10.0 0,99 25 0.7 -80 0,14 0,92 0.3 1 60 -3594,505 -333,679 0,947 37 16 21,554
1000.0 10.0 0,99 25 0.7 -80 0,14 0,92 0.3 1 60 -2583,477 -276,759 0,858 22 14 21,397
1000.0 10.0 0,99 25 0.7 -80 0,14 0,92 0.3 1 60 -1421,26 -163,243 0,832 15 5 21,683
1000.0 10.0 0,99 25 0.7 -80 0,14 0,92 0.3 1 60 -4983,182 -316,764 0,936 46 29 21,307
1000.0 10.0 0,99 25 0.7 -80 0,14 0,92 0.3 1 60 -3716,173 -276,547 0,942 41 20 23,157
1000.0 10.0 0,99 25 0.7 -80 0,14 0,92 0.3 1 60 -3894,042 -415,619 0,973 40 21 21,843
1000.0 10.0 0,99 25 0.7 -80 0,14 0,92 0.3 1 60 -3472,987 -411,241 0,806 43 15 21,537
1000.0 10.0 0,99 25 0.7 -80 0,14 0,92 0.3 1 60 -2495,078 -245,965 0,854 22 13 21,153
1000.0 10.0 0,99 25 0.7 -80 0,14 0,92 0.3 1 60 -3864,098 -361,208 0,912 41 20 21,351
1000.0 10.0 0,99 25 0.7 -80 0,16 0,92 0.3 1 60 -3995,22 -342,193 0,922 46 20 22,181
1000.0 10.0 0,99 25 0.7 -80 0,16 0,92 0.3 1 60 -4694,707 -349,48 0,84 56 24 21,198
1000.0 10.0 0,99 25 0.7 -80 0,16 0,92 0.3 1 60 -6544,048 -426,584 0,815 71 37 20,881
1000.0 10.0 0,99 25 0.7 -80 0,16 0,92 0.3 1 60 -2206,577 -293,69 0,936 23 8 21,744
1000.0 10.0 0,99 25 0.7 -80 0,16 0,92 0.3 1 60 -4772,647 -419,927 0,908 48 26 22,637
1000.0 10.0 0,99 25 0.7 -80 0,14 0,92 0.3 1 60 -3794,75 -365,778 0,95 37 22 21,134
1000.0 10.0 0,99 25 0.7 -80 0,14 0,92 0.3 1 60 -2318,469 -298,888 0,808 21 11 21,223
1000.0 10.0 0,99 25 0.7 -80 0,14 0,92 0.3 1 60 -3132,286 -371,007 0,914 33 16 20,416
1000.0 10.0 0,99 25 0.7 -80 0,14 0,92 0.3 1 60 -4358,037 -453,338 0,964 50 22 22,235
1000.0 10.0 0,99 25 0.7 -80 0,14 0,92 0.3 1 60 -1960,119 -173,507 0,901 20 9 20,985
1000.0 10.0 0,99 25 0.7 -80 0,14 0,9 0.3 1 60 -5080,592 -343,228 0,935 55 25 22,638
1000.0 10.0 0,99 25 0.7 -80 0,14 0,9 0.3 1 60 -2653,963 -218,079 0,916 25 14 20,753
1000.0 10.0 0,99 25 0.7 -80 0,14 0,9 0.3 1 60 -3458,346 -321,691 0,908 34 17 22,508
1000.0 10.0 0,99 25 0.7 -80 0,14 0,9 0.3 1 60 -6019,486 -427,933 0,847 70 32 21,869
1000.0 10.0 0,99 25 0.7 -80 0,14 0,9 0.3 1 60 -2972,981 -177,735 0,907 38 10 21,76
1000.0 10.0 0,99 25 0.7 -80 0,14 0,92 0.3 1 60 -4061,772 -329,451 0,945 39 23 21,092
1000.0 10.0 0,99 25 0.7 -80 0,14 0,92 0.3 1 60 -4207,688 -310,205 0,912 42 25 21,296
1000.0 10.0 0,99 25 0.7 -80 0,14 0,92 0.3 1 60 -3616,785 -398,671 0,823 32 23 22,773
1000.0 10.0 0,99 25 0.7 -80 0,14 0,92 0.3 1 60 -3119,272 -278,571 0,874 32 16 22,527
1000.0 10.0 0,99 25 0.7 -80 0,14 0,92 0.3 1 60 -4805,168 -302,159 0,91 52 26 20,524
1000.0 10.0 0,99 25 0.7 -80 0,14 0,92 0.3 1 60 -1876,039 -168,874 1,044 18 9 21,985
1000.0 10.0 0,99 25 0.7 -80 0,14 0,92 0.3 1 60 -3573,226 -342,212 1,016 44 16 21,673
1000.0 10.0 0,99 25 0.7 -80 0,14 0,92 0.3 1 60 -4076,215 -371,38 0,89 46 21 21,755
1000.0 10.0 0,99 25 0.7 -80 0,14 0,92 0.3 1 60 -3551,447 -353,84 0,888 37 18 21,761
1000.0 10.0 0,99 25 0.7 -80 0,14 0,92 0.3 1 60 -2779,647 -256,066 0,894 28 13 20,697
1000.0 10.0 0,99 25 0.7 -80 0,12 0,92 0.3 1 60 -4722,435 -316,986 0,883 49 26 21,894
1000.0 10.0 0,99 25 0.7 -80 0,12 0,92 0.3 1 60 -3314,904 -272,775 0,888 34 18 22,263
1000.0 10.0 0,99 25 0.7 -80 0,12 0,92 0.3 1 60 -3402,652 -429,323 0,933 34 18 21,262
1000.0 10.0 0,99 25 0.7 -80 0,12 0,92 0.3 1 60 -3513,405 -232,479 1,025 46 13 22,446
1000.0 10.0 0,99 25 0.7 -80 0,12 0,92 0.3 1 60 -3239,5 -294,281 0,932 34 13 21,773
1000.0 10.0 0,99 25 0.7 -80 0,14 0,92 0.3 1 60 -5491,507 -428,951 0,852 56 30 21,19
1000.0 10.0 0,99 25 0.7 -80 0,14 0,92 0.3 1 60 -2643,233 -235,03 0,878 29 13 21,836
1000.0 10.0 0,99 25 0.7 -80 0,14 0,92 0.3 1 60 -3491,264 -292,291 0,851 34 20 21,286
1000.0 10.0 0,99 25 0.7 -80 0,14 0,92 0.3 1 60 -4509,794 -393,304 0,85 40 29 20,437
1000.0 10.0 0,99 25 0.7 -80 0,14 0,92 0.3 1 60 -3306,556 -358,278 0,766 38 16 21,971
1000.0 10.0 0,99 25 0.7 -80 0,14 0,92 0.3 1 60 -4352,934 -318,74 0,939 42 24 21,121
1000.0 10.0 0,99 25 0.7 -80 0,14 0,92 0.3 1 60 -6470,487 -499,9 0,919 63 39 22,48
1000.0 10.0 0,99 25 0.7 -80 0,14 0,92 0.3 1 60 -2402,82 -323,591 0,948 28 9 21,891
1000.0 10.0 0,99 25 0.7 -80 0,14 0,92 0.3 1 60 -3356,693 -298,24 0,927 39 14 21,822
1000.0 10.0 0,99 25 0.7 -80 0,14 0,92 0.3 1 60 -4331,618 -302,134 0,913 48 23 22,873
1000.0 10.0 0,991 25 0.7 -80 0,14 0,92 0.3 1 60 -5326,46 -513,654 0,927 53 31 23,821
1000.0 10.0 0,991 25 0.7 -80 0,14 0,92 0.3 1 60 -2855,288 -434,903 0,897 32 14 23,36
1000.0 10.0 0,991 25 0.7 -80 0,14 0,92 0.3 1 60 -3016,625 -320,257 0,85 36 15 22,943
1000.0 10.0 0,991 25 0.7 -80 0,14 0,92 0.3 1 60 -3503,098 -306,788 0,943 31 21 23,045
1000.0 10.0 0,991 25 0.7 -80 0,14 0,92 0.3 1 60 -2297,706 -322,361 0,842 26 8 23,248
1000.0 10.0 0,99 25 0.7 -80 0,14 0,92 0.3 1 60 -3659,427 -326,916 0,937 40 21 21,934
1000.0 10.0 0,99 25 0.7 -80 0,14 0,92 0.3 1 60 -3306,872 -285,416 0,899 41 14 20,67
1000.0 10.0 0,99 25 0.7 -80 0,14 0,92 0.3 1 60 -4771,177 -381,748 0,912 53 25 24,177
1000.0 10.0 0,99 25 0.7 -80 0,14 0,92 0.3 1 60 -2359,072 -305,608 0,863 23 10 21,463
1000.0 10.0 0,99 25 0.7 -80 0,14 0,92 0.3 1 60 -3432,125 -317,359 0,897 34 18 20,853
1000.0 10.0 0,99 25 0.7 -80 0,14 0,92 0.3 1 60 -2432,816 -242,714 0,895 32 9 23,417
1000.0 10.0 0,99 25 0.7 -80 0,14 0,92 0.3 1 60 -8568,17 -455,925 0,931 92 47 22,749
1000.0 10.0 0,99 25 0.7 -80 0,14 0,92 0.3 1 60 -3189,523 -312,731 0,958 40 13 22,795
1000.0 10.0 0,99 25 0.7 -80 0,14 0,92 0.3 1 60 -3394 -255,112 0,958 39 16 21,858
1000.0 10.0 0,99 25 0.7 -80 0,14 0,92 0.3 1 60 -4648,764 -312,217 0,944 47 26 20,778
1000.0 10.0 0,99 25 0.7 -80 0,14 0,92 0.3 1 60 -3876,434 -313,66 0,907 46 19 20,307
1000.0 10.0 0,99 25 0.7 -80 0,14 0,92 0.3 1 60 -3727,057 -339,003 0,874 42 20 20,206
1000.0 10.0 0,99 25 0.7 -80 0,14 0,92 0.3 1 60 -2869,578 -378,906 0,838 28 13 20,742
1000.0 10.0 0,99 25 0.7 -80 0,14 0,92 0.3 1 60 -3744,146 -308,29 0,857 43 18 20,495
1000.0 10.0 0,99 25 0.7 -80 0,14 0,92 0.3 1 60 -5911,436 -314,277 0,92 62 33 21,621
1000.0 10.0 0,99 30 0.7 -80 0,14 0,92 0.3 1 60 -4269,923 -361,396 0,841 49 18 24,831
1000.0 10.0 0,99 30 0.7 -80 0,14 0,92 0.3 1 60 -3405,104 -300,71 0,895 35 16 25,314
1000.0 10.0 0,99 30 0.7 -80 0,14 0,92 0.3 1 60 -4081,164 -420,426 0,77 50 18 23,519
1000.0 10.0 0,99 30 0.7 -80 0,14 0,92 0.3 1 60 -3364,426 -306,403 0,871 37 17 24,79
1000.0 10.0 0,99 30 0.7 -80 0,14 0,92 0.3 1 60 -1291,801 -186,908 0,745 14 4 23,308
1000.0 10.0 0,99 25 0.7 -80 0,14 0,94 0.3 1 60 -2738,025 -376,279 0,948 22 15 22,776
1000.0 10.0 0,99 25 0.7 -80 0,14 0,94 0.3 1 60 -3208,47 -341,787 0,853 36 14 20,946
1000.0 10.0 0,99 25 0.7 -80 0,14 0,94 0.3 1 60 -4194,046 -305,495 0,925 46 19 20,926
1000.0 10.0 0,99 25 0.7 -80 0,14 0,94 0.3 1 60 -3454,74 -319,618 0,883 37 18 20,378
1000.0 10.0 0,99 25 0.7 -80 0,14 0,94 0.3 1 60 -4018,081 -374,769 0,846 48 19 21,083
1000.0 10.0 0,99 25 0.7 -80 0,14 0,92 0.3 1 60 -7170,063 -369,923 0,89 85 36 23,735
1000.0 10.0 0,99 25 0.7 -80 0,14 0,92 0.3 1 60 -2865,451 -220,434 0,888 31 14 22,753
1000.0 10.0 0,99 25 0.7 -80 0,14 0,92 0.3 1 60 -3719,575 -238,718 0,949 41 20 21,743
1000.0 10.0 0,99 25 0.7 -80 0,14 0,92 0.3 1 60 -6102,708 -301,872 0,977 69 32 22,101
1000.0 10.0 0,99 25 0.7 -80 0,14 0,92 0.3 1 60 -2340,719 -300,015 0,941 24 9 21,952
1000.0 10.0 0,99 25 0.7 -80 0,14 0,92 0.3 1 60 -3485,557 -294,213 0,879 35 17 20,931
1000.0 10.0 0,99 25 0.7 -80 0,14 0,92 0.3 1 60 -4078,509 -381,434 1,015 44 18 22,596
1000.0 10.0 0,99 25 0.7 -80 0,14 0,92 0.3 1 60 -4697,63 -291,808 0,849 49 27 21,926
1000.0 10.0 0,99 25 0.7 -80 0,14 0,92 0.3 1 60 -6475,808 -652,02 0,875 73 37 21,373
1000.0 10.0 0,99 25 0.7 -80 0,14 0,92 0.3 1 60 -2162,196 -228,471 0,9 28 8 21,286
1000.0 10.0 0,99 25 0.7 -80 0,14 0,92 0.3 1 60 -2521,983 -245,345 0,922 30 10 20,429
1000.0 10.0 0,99 25 0.7 -80 0,14 0,92 0.3 1 60 -3607,337 -265,438 0,912 41 18 21,364
1000.0 10.0 0,99 25 0.7 -80 0,14 0,92 0.3 1 60 -3455,486 -232,495 0,971 43 17 22,29
1000.0 10.0 0,99 25 0.7 -80 0,14 0,92 0.3 1 60 -3316,965 -263,299 0,943 38 17 21,631
1000.0 10.0 0,99 25 0.7 -80 0,14 0,92 0.3 1 60 -5175,993 -378,486 0,889 56 26 21,652
1000.0 10.0 0,991 25 0.7 -80 0,14 0,92 0.3 1 60 -3571,68 -440,741 0,854 42 16 22,412
1000.0 10.0 0,991 25 0.7 -80 0,14 0,92 0.3 1 60 -2491,501 -294,573 0,874 27 11 22,19
1000.0 10.0 0,991 25 0.7 -80 0,14 0,92 0.3 1 60 -6548,446 -437,045 0,823 76 32 22,915
1000.0 10.0 0,991 25 0.7 -80 0,14 0,92 0.3 1 60 -4330,263 -386,369 0,957 51 20 24,978
1000.0 10.0 0,991 25 0.7 -80 0,14 0,92 0.3 1 60 -3260,76 -272,632 0,921 37 14 24,41