536.1484992270944 2.476113135668751 0.9908445927312383 68 0.7674832071772706 -63 0.22816622197164613 0.3072786809496757 0.4907474510809331 2 65 -5283,9359 -710,5734 0,724 39 14 39,736
536.1484992270944 2.476113135668751 0.9908445927312383 68 0.7674832071772706 -63 0.22816622197164613 0.3072786809496757 0.4907474510809331 2 65 -2429,2597 -545,1726 0,7764 13 6 36,351
536.1484992270944 2.476113135668751 0.9908445927312383 68 0.7674832071772706 -63 0.22816622197164613 0.3072786809496757 0.4907474510809331 2 65 -4973,2111 -525,6635 0,7656 32 15 36,771
667.4702860920393 5.162813495819141 0.8007628036207409 56 0.8287593442418566 -108 0.3691933611204294 0.8833091755272879 0.8674039356508642 2 25 -7631,2137 -447,9789 1,4197 72 26 3,283
667.4702860920393 5.162813495819141 0.8007628036207409 56 0.8287593442418566 -108 0.3691933611204294 0.8833091755272879 0.8674039356508642 2 25 -12024,7721 -464,3836 1,3571 109 48 3,274
667.4702860920393 5.162813495819141 0.8007628036207409 56 0.8287593442418566 -108 0.3691933611204294 0.8833091755272879 0.8674039356508642 2 25 -7262,9901 -577,3001 1,3336 59 26 3,138
464.7179422362927 12.764674249091419 0.7218552355467772 31 0.8316784616139796 -52 0.22107936520776672 0.8721654237753895 0.4775889487466106 4 30 -11889,7905 -426,7303 1,7314 123 70 3,248
464.7179422362927 12.764674249091419 0.7218552355467772 31 0.8316784616139796 -52 0.22107936520776672 0.8721654237753895 0.4775889487466106 4 30 -8089,6978 -345,5882 1,7177 69 37 1,708
464.7179422362927 12.764674249091419 0.7218552355467772 31 0.8316784616139796 -52 0.22107936520776672 0.8721654237753895 0.4775889487466106 4 30 -11744,691 -360,1058 1,7258 116 65 2,022
717.4381617449689 32.31086295928455 0.9125353010037118 77 0.7010382840061288 -117 0.866926961609687 0.9239766529813909 0.6083562800999027 3 52 -9825,9757 -936,3169 1,0577 55 29 6,66
717.4381617449689 32.31086295928455 0.9125353010037118 77 0.7010382840061288 -117 0.866926961609687 0.9239766529813909 0.6083562800999027 3 52 -15401,6818 -703,2936 1,1272 90 46 5,356
717.4381617449689 32.31086295928455 0.9125353010037118 77 0.7010382840061288 -117 0.866926961609687 0.9239766529813909 0.6083562800999027 3 52 -9104,0991 -543,1896 1,1369 52 25 6,084
728.6885104062089 2.5648667008814043 0.7114602811942194 23 0.7472440483280981 -53 0.8637973024600106 0.14594757867253894 0.3828416494096678 2 98 -15291,7379 -963,6622 1,6142 92 31 1,836
728.6885104062089 2.5648667008814043 0.7114602811942194 23 0.7472440483280981 -53 0.8637973024600106 0.14594757867253894 0.3828416494096678 2 98 -24955,1565 -817,1594 1,6872 145 59 1,951
728.6885104062089 2.5648667008814043 0.7114602811942194 23 0.7472440483280981 -53 0.8637973024600106 0.14594757867253894 0.3828416494096678 2 98 -21146,8732 -825,1094 1,5973 104 55 1,838
206.05566902392135 27.03729617322803 0.7896681367980446 36 0.808838757545935 -73 0.32176538089324536 0.2430731582151044 0.32303566641874354 3 93 -18615,3581 -691,9291 1,7896 115 56 1,382
206.05566902392135 27.03729617322803 0.7896681367980446 36 0.808838757545935 -73 0.32176538089324536 0.2430731582151044 0.32303566641874354 3 93 -15872,9705 -509,2029 1,7216 94 47 1,698
206.05566902392135 27.03729617322803 0.7896681367980446 36 0.808838757545935 -73 0.32176538089324536 0.2430731582151044 0.32303566641874354 3 93 -15740,8777 -472,647 1,7258 98 45 1,567
598.0090010095823 46.87126318457382 0.8832027983933515 78 0.7360252078674154 -126 0.957241879051187 0.5438651540972093 0.3193991240999482 4 60 -10214,1864 -361,0803 1,28 87 43 4,118
598.0090010095823 46.87126318457382 0.8832027983933515 78 0.7360252078674154 -126 0.957241879051187 0.5438651540972093 0.3193991240999482 4 60 -6369,744 -281,6503 1,2023 50 23 3,863
598.0090010095823 46.87126318457382 0.8832027983933515 78 0.7360252078674154 -126 0.957241879051187 0.5438651540972093 0.3193991240999482 4 60 -9274,8026 -473,1216 1,0875 92 35 4,164
448.917063134855 4.884479535065054 0.7677029102963838 78 0.8925885579911967 -76 0.9657417823498319 0.6137634930537492 0.7376621477658077 1 87 -26454,3672 -1795,6774 1,2004 89 42 3,657
448.917063134855 4.884479535065054 0.7677029102963838 78 0.8925885579911967 -76 0.9657417823498319 0.6137634930537492 0.7376621477658077 1 87 -18271,9177 -1738,7636 1,3768 66 26 3,911
448.917063134855 4.884479535065054 0.7677029102963838 78 0.8925885579911967 -76 0.9657417823498319 0.6137634930537492 0.7376621477658077 1 87 -26365,8862 -1736,5539 1,265 88 41 3,325
124.01845101989446 29.44497702451193 0.817935436514747 3 0.8056862684721978 -39 0.45726482589516865 0.41116187528747394 0.2889685786983851 2 26 -6546,1196 -197,9914 2,8909 115 50 0,542
124.01845101989446 29.44497702451193 0.817935436514747 3 0.8056862684721978 -39 0.45726482589516865 0.41116187528747394 0.2889685786983851 2 26 -6348,6957 -138,7417 2,9659 108 50 0,59
124.01845101989446 29.44497702451193 0.817935436514747 3 0.8056862684721978 -39 0.45726482589516865 0.41116187528747394 0.2889685786983851 2 26 -6458,7358 -243,4163 2,9051 107 47 0,515
689.180988460255 42.03687728528068 0.8364709368950035 68 0.6958972562418627 -90 0.983694984531021 0.08381645625429143 0.5579451941422371 1 53 -10796,0589 -778,4431 1,4886 75 32 3,435
689.180988460255 42.03687728528068 0.8364709368950035 68 0.6958972562418627 -90 0.983694984531021 0.08381645625429143 0.5579451941422371 1 53 -7032,956 -428,5037 1,3173 48 20 2,769
689.180988460255 42.03687728528068 0.8364709368950035 68 0.6958972562418627 -90 0.983694984531021 0.08381645625429143 0.5579451941422371 1 53 -12865,4822 -666,4077 1,3409 96 39 3,108
292.5552943708277 29.150830922376016 0.7522135193976454 56 0.675620879668053 -116 0.26125105762615264 0.6798228940172251 0.5620912394288202 2 58 -15653,7251 -610,309 1,6768 98 45 1,761
292.5552943708277 29.150830922376016 0.7522135193976454 56 0.675620879668053 -116 0.26125105762615264 0.6798228940172251 0.5620912394288202 2 58 -26289,6824 -1169,1706 1,6291 150 83 1,79
292.5552943708277 29.150830922376016 0.7522135193976454 56 0.675620879668053 -116 0.26125105762615264 0.6798228940172251 0.5620912394288202 2 58 -14969,0559 -882,3318 1,4973 90 44 1,754
330.03719568307673 45.10736752057841 0.8365736910026134 58 0.8149666690969072 -65 0.4546626491031997 0.44617468199362303 0.499187491989767 2 93 -19265,2737 -759,8253 1,4246 84 42 2,018
330.03719568307673 45.10736752057841 0.8365736910026134 58 0.8149666690969072 -65 0.4546626491031997 0.44617468199362303 0.499187491989767 2 93 -19341,7582 -890,5885 1,3242 84 41 1,987
330.03719568307673 45.10736752057841 0.8365736910026134 58 0.8149666690969072 -65 0.4546626491031997 0.44617468199362303 0.499187491989767 2 93 -19808,7645 -1107,3183 1,4903 85 40 2,822
208.73431667406857 45.23437345684218 0.7672437285705445 1 0.5451964517726248 -117 0.8427521908357348 0.6491057863637351 0.43177639999577744 3 77 -14356,2945 -279,891 3,1878 81 19 0,42
208.73431667406857 45.23437345684218 0.7672437285705445 1 0.5451964517726248 -117 0.8427521908357348 0.6491057863637351 0.43177639999577744 3 77 -19470,6592 -347,4269 3,1876 123 32 0,416
208.73431667406857 45.23437345684218 0.7672437285705445 1 0.5451964517726248 -117 0.8427521908357348 0.6491057863637351 0.43177639999577744 3 77 -20658,3885 -456,7598 3,1875 140 35 0,392
160.95189472315806 32.54063038204524 0.7653248312907507 33 0.845633009002052 -111 0.3285040780885284 0.9530009188617266 0.8024355288444325 1 62 -43471,2922 -1293,1281 1,8895 175 91 0,929
160.95189472315806 32.54063038204524 0.7653248312907507 33 0.845633009002052 -111 0.3285040780885284 0.9530009188617266 0.8024355288444325 1 62 -31658,1673 -1121,2551 2,0129 138 62 0,996
160.95189472315806 32.54063038204524 0.7653248312907507 33 0.845633009002052 -111 0.3285040780885284 0.9530009188617266 0.8024355288444325 1 62 -31629,167 -1226,7665 1,9357 136 61 1,032
156.52930885434773 34.37301723057788 0.7736523687971739 47 0.8154212131472776 -132 0.5879704008758015 0.33095648137584854 0.17930237044953393 4 70 -12252,0694 -375,8224 1,8393 157 72 1,231
156.52930885434773 34.37301723057788 0.7736523687971739 47 0.8154212131472776 -132 0.5879704008758015 0.33095648137584854 0.17930237044953393 4 70 -14023,793 -315,1233 1,834 172 91 1,336
156.52930885434773 34.37301723057788 0.7736523687971739 47 0.8154212131472776 -132 0.5879704008758015 0.33095648137584854 0.17930237044953393 4 70 -10753,9883 -303,8256 1,8618 127 58 1,204
52.225678912546435 27.202854025649973 0.9903780763818835 24 0.8051356438746144 -77 0.32509330902747735 0.26370498287539085 0.8704546392745435 4 95 -25102,321 -1409,6114 1,2544 59 29 4,129
52.225678912546435 27.202854025649973 0.9903780763818835 24 0.8051356438746144 -77 0.32509330902747735 0.26370498287539085 0.8704546392745435 4 95 -29151,3795 -1339,9166 1,1445 77 32 4,052
52.225678912546435 27.202854025649973 0.9903780763818835 24 0.8051356438746144 -77 0.32509330902747735 0.26370498287539085 0.8704546392745435 4 95 -25082,5365 -1880,9485 1,1297 56 31 3,533
377.2823939845596 2.061255388627328 0.9010494535668059 72 0.7554827176750181 -41 0.6215178164537475 0.15403757325216855 0.8858487924946357 4 58 -15119,9845 -863,8242 0,9533 57 28 7,38
377.2823939845596 2.061255388627328 0.9010494535668059 72 0.7554827176750181 -41 0.6215178164537475 0.15403757325216855 0.8858487924946357 4 58 -10674,7256 -843,0327 0,8883 37 17 6,614
377.2823939845596 2.061255388627328 0.9010494535668059 72 0.7554827176750181 -41 0.6215178164537475 0.15403757325216855 0.8858487924946357 4 58 -22434,0476 -1008,9583 0,9883 83 45 6,769
314.565560364679 18.998157993998223 0.8117993935287436 2 0.6537009982935603 -66 0.7887776062852471 0.9582273674022868 0.5881623395270291 1 71 -32951,1108 -982,1377 2,8569 170 78 0,452
314.565560364679 18.998157993998223 0.8117993935287436 2 0.6537009982935603 -66 0.7887776062852471 0.9582273674022868 0.5881623395270291 1 71 -28118,9178 -1143,4243 2,9309 143 64 0,46
314.565560364679 18.998157993998223 0.8117993935287436 2 0.6537009982935603 -66 0.7887776062852471 0.9582273674022868 0.5881623395270291 1 71 -24924,7448 -823,7798 2,9051 118 59 0,443
142.55746119106885 13.386193872235053 0.804133542714788 8 0.7651877825316247 -138 0.6451469436612621 0.9168596259467768 0.7475578085793252 1 84 -46029,4375 -2043,2544 2,2979 144 80 0,666
142.55746119106885 13.386193872235053 0.804133542714788 8 0.7651877825316247 -138 0.6451469436612621 0.9168596259467768 0.7475578085793252 1 84 -39827,1306 -1518,2178 2,3578 128 57 0,602
142.55746119106885 13.386193872235053 0.804133542714788 8 0.7651877825316247 -138 0.6451469436612621 0.9168596259467768 0.7475578085793252 1 84 -50930,9834 -1921,1612 2,4201 170 83 0,622
552.2051622020942 47.80760341632728 0.9875065111998331 43 0.6706789454331175 -84 0.9192980633012119 0.2911598999806464 0.23874807130265951 3 60 -3833,6965 -222,5064 0,8737 42 18 12,879
552.2051622020942 47.80760341632728 0.9875065111998331 43 0.6706789454331175 -84 0.9192980633012119 0.2911598999806464 0.23874807130265951 3 60 -3542,9498 -185,5456 0,8488 44 17 13,462
552.2051622020942 47.80760341632728 0.9875065111998331 43 0.6706789454331175 -84 0.9192980633012119 0.2911598999806464 0.23874807130265951 3 60 -3127,7753 -218,9865 0,8066 31 14 12,474
696.7881705394627 2.3804927805491536 0.9340116077519531 65 0.6525396172524008 -113 0.4431653415331337 0.26677874374931504 0.20284324008203766 1 42 -1956,0378 -123,4485 0,9762 43 15 8,634
696.7881705394627 2.3804927805491536 0.9340116077519531 65 0.6525396172524008 -113 0.4431653415331337 0.26677874374931504 0.20284324008203766 1 42 -2574,9947 -176,1831 1,0148 50 26 9,174
696.7881705394627 2.3804927805491536 0.9340116077519531 65 0.6525396172524008 -113 0.4431653415331337 0.26677874374931504 0.20284324008203766 1 42 -3755,8476 -237,3473 1,0335 86 37 9,428
369.19189376732686 48.087010536847856 0.9310013414152727 74 0.5106952329918504 -132 0.7361528694287062 0.5405429849072496 0.14584684649164395 4 45 -3400,7455 -202,7027 0,915 53 32 4,734
369.19189376732686 48.087010536847856 0.9310013414152727 74 0.5106952329918504 -132 0.7361528694287062 0.5405429849072496 0.14584684649164395 4 45 -4487,2816 -112,804 1,2299 77 33 5,118
369.19189376732686 48.087010536847856 0.9310013414152727 74 0.5106952329918504 -132 0.7361528694287062 0.5405429849072496 0.14584684649164395 4 45 -4247,4224 -133,3037 1,0338 78 38 4,946
569.2084565792867 12.486012523332402 0.9902908728800431 79 0.7753075026676248 -108 0.10092141095767779 0.8970951219052578 0.5072098003038226 1 49 -3843,0903 -331,0036 0,7524 39 11 32,447
569.2084565792867 12.486012523332402 0.9902908728800431 79 0.7753075026676248 -108 0.10092141095767779 0.8970951219052578 0.5072098003038226 1 49 -3170,3551 -434,0023 0,8067 17 16 30,195
569.2084565792867 12.486012523332402 0.9902908728800431 79 0.7753075026676248 -108 0.10092141095767779 0.8970951219052578 0.5072098003038226 1 49 -5311,1912 -455,9222 0,7753 44 22 33,954
136.5710027731028 49.77852663001198 0.7833161840476963 67 0.7860983246785633 -140 0.7547590720152639 0.47418153354342285 0.5460237067099459 2 99 -31691,9461 -1384,3797 1,7685 118 62 1,179
136.5710027731028 49.77852663001198 0.7833161840476963 67 0.7860983246785633 -140 0.7547590720152639 0.47418153354342285 0.5460237067099459 2 99 -24251,8447 -1153,6251 1,6139 92 45 2,179
136.5710027731028 49.77852663001198 0.7833161840476963 67 0.7860983246785633 -140 0.7547590720152639 0.47418153354342285 0.5460237067099459 2 99 -30399,7602 -1048,4014 1,747 113 59 1,393
78.45427979495696 1.1654090149315433 0.7922063054245592 61 0.7023395448957446 -112 0.9752964898597367 0.8981943984768866 0.1794955417112658 4 41 -7604,4864 -219,8182 1,3438 140 75 2,989
78.45427979495696 1.1654090149315433 0.7922063054245592 61 0.7023395448957446 -112 0.9752964898597367 0.8981943984768866 0.1794955417112658 4 41 -7435,384 -177,9616 1,3484 154 70 2,895
78.45427979495696 1.1654090149315433 0.7922063054245592 61 0.7023395448957446 -112 0.9752964898597367 0.8981943984768866 0.1794955417112658 4 41 -5193,9441 -152,8246 1,3674 71 38 2,784
682.8856646012684 33.75107739712046 0.8941867044663386 20 0.5453210775011677 -74 0.9091949225201907 0.404501771265284 0.4117297965202831 3 68 -20369,2566 -618,6643 1,4736 146 64 1,899
682.8856646012684 33.75107739712046 0.8941867044663386 20 0.5453210775011677 -74 0.9091949225201907 0.404501771265284 0.4117297965202831 3 68 -17643,7978 -623,7782 1,5015 122 58 1,685
682.8856646012684 33.75107739712046 0.8941867044663386 20 0.5453210775011677 -74 0.9091949225201907 0.404501771265284 0.4117297965202831 3 68 -11313,29 -723,575 1,4859 74 34 1,658
348.36636972799505 9.857352250174726 0.8680677921632626 79 0.5765317089933523 -52 0.8477384739619804 0.5155091537798069 0.29138557536131615 1 97 -7728,4143 -575,3129 1,1198 49 29 4,156
348.36636972799505 9.857352250174726 0.8680677921632626 79 0.5765317089933523 -52 0.8477384739619804 0.5155091537798069 0.29138557536131615 1 97 -5932,1265 -482,4692 1,2301 41 20 3,828
348.36636972799505 9.857352250174726 0.8680677921632626 79 0.5765317089933523 -52 0.8477384739619804 0.5155091537798069 0.29138557536131615 1 97 -8443,6839 -762,2572 1,3063 67 27 3,903
730.0744641924921 12.753117078350746 0.9109695454410568 51 0.5148503419236865 -28 0.9066568245964369 0.052261703981740903 0.7496993979338122 2 27 -7450,1031 -433,4178 1,2284 61 36 4,409
730.0744641924921 12.753117078350746 0.9109695454410568 51 0.5148503419236865 -28 0.9066568245964369 0.052261703981740903 0.7496993979338122 2 27 -6241,3991 -327,6056 1,0471 64 26 4,342
730.0744641924921 12.753117078350746 0.9109695454410568 51 0.5148503419236865 -28 0.9066568245964369 0.052261703981740903 0.7496993979338122 2 27 -7131,2062 -305,3075 1,0751 64 33 4,205
130.85436797283052 5.5978246973749215 0.8364107403313269 41 0.8735886731550841 -72 0.8499261697105036 0.17625283348077678 0.6203557574006757 3 55 -14337,0279 -595,6892 1,439 80 34 1,96
130.85436797283052 5.5978246973749215 0.8364107403313269 41 0.8735886731550841 -72 0.8499261697105036 0.17625283348077678 0.6203557574006757 3 55 -8784,7608 -472,6378 1,4362 42 21 2,017
130.85436797283052 5.5978246973749215 0.8364107403313269 41 0.8735886731550841 -72 0.8499261697105036 0.17625283348077678 0.6203557574006757 3 55 -22005,835 -768,1311 1,4055 124 67 1,952
292.38638305721344 21.386954476298726 0.9762072802465145 79 0.5928128470767998 -43 0.6017472972187281 0.290937109880325 0.6532303838274318 3 52 -7007,2521 -831,8416 0,8561 46 15 11,801
292.38638305721344 21.386954476298726 0.9762072802465145 79 0.5928128470767998 -43 0.6017472972187281 0.290937109880325 0.6532303838274318 3 52 -11363,2925 -774,6194 0,8494 60 35 13,135
292.38638305721344 21.386954476298726 0.9762072802465145 79 0.5928128470767998 -43 0.6017472972187281 0.290937109880325 0.6532303838274318 3 52 -10179,8989 -808,0646 0,9213 51 29 14,32
408.84641081972944 22.864297608394445 0.7228454731936076 54 0.7477409050333346 -35 0.8570306697814858 0.19675505501392776 0.3478482199872726 1 87 -16335,8779 -802,3191 1,6288 115 52 1,456
408.84641081972944 22.864297608394445 0.7228454731936076 54 0.7477409050333346 -35 0.8570306697814858 0.19675505501392776 0.3478482199872726 1 87 -19506,0418 -1077,1566 1,7907 132 62 1,802
408.84641081972944 22.864297608394445 0.7228454731936076 54 0.7477409050333346 -35 0.8570306697814858 0.19675505501392776 0.3478482199872726 1 87 -15114,885 -688,1504 1,6409 108 45 1,574
534.0188964897787 39.03667314508912 0.8365176657205944 31 0.7384592547504106 -60 0.44229622583747763 0.0460287367139001 0.7343610715524173 3 71 -35159,1602 -1308,7249 1,5995 132 70 1,987
534.0188964897787 39.03667314508912 0.8365176657205944 31 0.7384592547504106 -60 0.44229622583747763 0.0460287367139001 0.7343610715524173 3 71 -35518,1881 -1550,571 1,5801 134 67 1,804
534.0188964897787 39.03667314508912 0.8365176657205944 31 0.7384592547504106 -60 0.44229622583747763 0.0460287367139001 0.7343610715524173 3 71 -27061,0483 -1309,7249 1,6451 98 48 1,585
339.81261592021065 0.47711205002226104 0.882916785870282 57 0.5467589326740235 -111 0.19123893492627694 0.2597308323855497 0.8371573074535754 4 72 -16334,3642 -1096,7895 1,107 56 21 5,272
339.81261592021065 0.47711205002226104 0.882916785870282 57 0.5467589326740235 -111 0.19123893492627694 0.2597308323855497 0.8371573074535754 4 72 -12916,8498 -1119,6591 1,0494 41 17 5,198
339.81261592021065 0.47711205002226104 0.882916785870282 57 0.5467589326740235 -111 0.19123893492627694 0.2597308323855497 0.8371573074535754 4 72 -19595,9679 -1026,885 1,0552 67 26 4,858
316.6668247269736 29.10484779637824 0.9364647492057383 34 0.6158750453470566 -66 0.08881847029662386 0.04831896682032678 0.6690564767481997 3 56 -22048,9389 -892,0016 1,3248 111 58 2,96
316.6668247269736 29.10484779637824 0.9364647492057383 34 0.6158750453470566 -66 0.08881847029662386 0.04831896682032678 0.6690564767481997 3 56 -17126,322 -818,5229 1,1177 88 43 2,825
316.6668247269736 29.10484779637824 0.9364647492057383 34 0.6158750453470566 -66 0.08881847029662386 0.04831896682032678 0.6690564767481997 3 56 -18974,4458 -1143,0294 1,4077 95 56 3,6
734.7354946970561 0.9678141714307887 0.9275328530769761 40 0.8119948847995613 -108 0.06354602995408148 0.42101157713021187 0.7418576317884662 1 22 -3010,1037 -288,4226 1,0823 34 15 6,427
734.7354946970561 0.9678141714307887 0.9275328530769761 40 0.8119948847995613 -108 0.06354602995408148 0.42101157713021187 0.7418576317884662 1 22 -7003,985 -445,6448 1,0957 82 44 7,01
734.7354946970561 0.9678141714307887 0.9275328530769761 40 0.8119948847995613 -108 0.06354602995408148 0.42101157713021187 0.7418576317884662 1 22 -4995,3892 -287,1547 1,0642 59 29 6,017
739.4584047036777 37.65651675154218 0.9826024045571697 41 0.5851086557152659 -118 0.04697767616798672 0.7771556258199732 0.6942929869937079 2 65 -10300,8371 -849,5951 0,8939 50 21 11,252
739.4584047036777 37.65651675154218 0.9826024045571697 41 0.5851086557152659 -118 0.04697767616798672 0.7771556258199732 0.6942929869937079 2 65 -7332,131 -614,8409 1,048 35 13 11,492
739.4584047036777 37.65651675154218 0.9826024045571697 41 0.5851086557152659 -118 0.04697767616798672 0.7771556258199732 0.6942929869937079 2 65 -10639,9443 -829,1478 0,9177 47 23 11,248
552.3581553641778 7.494463975435705 0.8562039127924882 10 0.6684069897580742 -42 0.06819987440548754 0.014362458601935961 0.4230673921632281 3 28 -12529,3121 -372,3549 1,7621 164 97 1,335
552.3581553641778 7.494463975435705 0.8562039127924882 10 0.6684069897580742 -42 0.06819987440548754 0.014362458601935961 0.4230673921632281 3 28 -11971,6581 -284,7399 1,8067 172 79 1,524
552.3581553641778 7.494463975435705 0.8562039127924882 10 0.6684069897580742 -42 0.06819987440548754 0.014362458601935961 0.4230673921632281 3 28 -7950,1718 -192,6454 1,855 106 42 1,218
449.22293947362573 18.632963916475486 0.7459780229021411 59 0.862859276964554 -112 0.791521396759691 0.051526113249508204 0.25381292038665193 1 57 -5221,5669 -215,0975 1,4894 75 30 3,785
449.22293947362573 18.632963916475486 0.7459780229021411 59 0.862859276964554 -112 0.791521396759691 0.051526113249508204 0.25381292038665193 1 57 -5795,7005 -311,0822 1,6574 79 33 2,182
449.22293947362573 18.632963916475486 0.7459780229021411 59 0.862859276964554 -112 0.791521396759691 0.051526113249508204 0.25381292038665193 1 57 -7632,0656 -309,377 1,5666 102 48 1,901
678.5881784907409 40.71799604449837 0.8057185759827996 43 0.82832126859476 -124 0.797570462005751 0.6393177575890857 0.19615216382426298 3 33 -6064,9135 -180,4264 1,5424 125 65 1,963
678.5881784907409 40.71799604449837 0.8057185759827996 43 0.82832126859476 -124 0.797570462005751 0.6393177575890857 0.19615216382426298 3 33 -5692,5833 -143,8891 1,6447 114 53 1,885
678.5881784907409 40.71799604449837 0.8057185759827996 43 0.82832126859476 -124 0.797570462005751 0.6393177575890857 0.19615216382426298 3 33 -4452,001 -156,0399 1,4849 79 38 1,851
702.7057030565429 24.70370967068789 0.8076170747269154 39 0.6017951934476464 -115 0.4954492938401866 0.9077253868674608 0.2667425083947131 2 87 -10003,9266 -400,7493 1,5833 70 40 1,912
702.7057030565429 24.70370967068789 0.8076170747269154 39 0.6017951934476464 -115 0.4954492938401866 0.9077253868674608 0.2667425083947131 2 87 -13271,7365 -475,5359 1,5366 110 57 2,018
702.7057030565429 24.70370967068789 0.8076170747269154 39 0.6017951934476464 -115 0.4954492938401866 0.9077253868674608 0.2667425083947131 2 87 -14322,531 -550,0926 1,5112 114 60 1,96
474.3575879663007 6.722400352750804 0.7983630547721043 56 0.5010376355381791 -40 0.2301799321341215 0.40867663626171236 0.6871126593564781 2 82 -25419,0121 -1751,8 1,2569 93 42 2,922
474.3575879663007 6.722400352750804 0.7983630547721043 56 0.5010376355381791 -40 0.2301799321341215 0.40867663626171236 0.6871126593564781 2 82 -22112,0091 -1350,0266 1,3516 79 41 2,764
474.3575879663007 6.722400352750804 0.7983630547721043 56 0.5010376355381791 -40 0.2301799321341215 0.40867663626171236 0.6871126593564781 2 82 -19247,1387 -1276,1158 1,3362 69 33 3,094
548.7022921949269 5.201426018074412 0.7065539029062239 17 0.8084823968641357 -106 0.750364946927032 0.27561162359023356 0.3759425124072132 2 92 -26676,4561 -778,8235 1,8089 147 76 1,081
548.7022921949269 5.201426018074412 0.7065539029062239 17 0.8084823968641357 -106 0.750364946927032 0.27561162359023356 0.3759425124072132 2 92 -20669,1065 -788,5613 1,8214 123 53 1,076
548.7022921949269 5.201426018074412 0.7065539029062239 17 0.8084823968641357 -106 0.750364946927032 0.27561162359023356 0.3759425124072132 2 92 -28379,6793 -1296,6302 1,8556 158 87 1,154
121.07028205093916 15.125312405492668 0.9320182196242566 42 0.5877520179476651 -148 0.16580893645775371 0.11493616151209049 0.8908119875823005 3 52 -22264,9254 -1457,1187 1,2689 92 44 3,359
121.07028205093916 15.125312405492668 0.9320182196242566 42 0.5877520179476651 -148 0.16580893645775371 0.11493616151209049 0.8908119875823005 3 52 -8824,6975 -845,8771 1,2651 35 17 3,634
121.07028205093916 15.125312405492668 0.9320182196242566 42 0.5877520179476651 -148 0.16580893645775371 0.11493616151209049 0.8908119875823005 3 52 -26443,792 -1590,3312 1,3249 103 60 3,227
127.12524354098579 31.2157653671491 0.7026644735122143 32 0.7455748991383333 -129 0.2049715007874802 0.14871374696082393 0.2036192549932883 3 33 -8977,1015 -240,1781 2,0906 190 95 0,787
127.12524354098579 31.2157653671491 0.7026644735122143 32 0.7455748991383333 -129 0.2049715007874802 0.14871374696082393 0.2036192549932883 3 33 -7764,7577 -173,9378 2,1572 148 72 0,752
127.12524354098579 31.2157653671491 0.7026644735122143 32 0.7455748991383333 -129 0.2049715007874802 0.14871374696082393 0.2036192549932883 3 33 -8392,2337 -215,9705 2,1534 170 80 0,83
52.657365707164736 35.45341235142431 0.9718787975264621 11 0.647135155939895 -34 0.7764192345868158 0.0369322993351978 0.8348227331666266 1 49 -34153,9014 -894,7387 2,1107 170 84 1,171
52.657365707164736 35.45341235142431 0.9718787975264621 11 0.647135155939895 -34 0.7764192345868158 0.0369322993351978 0.8348227331666266 1 49 -24377,8959 -701,013 2,024 127 59 1,016
52.657365707164736 35.45341235142431 0.9718787975264621 11 0.647135155939895 -34 0.7764192345868158 0.0369322993351978 0.8348227331666266 1 49 -24229,6302 -714,9667 2,164 126 60 0,995
239.73680222336304 43.646128147185365 0.8831435582341518 72 0.8107965464709723 -45 0.560016325636897 0.1528943212965738 0.7589701598517575 4 36 -8117,6384 -478,36 1,258 44 24 2,792
239.73680222336304 43.646128147185365 0.8831435582341518 72 0.8107965464709723 -45 0.560016325636897 0.1528943212965738 0.7589701598517575 4 36 -11701,4395 -915,3893 1,2764 73 40 3,022
239.73680222336304 43.646128147185365 0.8831435582341518 72 0.8107965464709723 -45 0.560016325636897 0.1528943212965738 0.7589701598517575 4 36 -9861,7851 -720,866 1,3059 61 29 2,69
233.67491951835865 44.774019857694775 0.7311705952719263 42 0.8284795791263051 -33 0.7478487031581026 0.6206175895284075 0.3112618960130954 3 96 -23324,579 -741,8836 1,8014 154 72 1,189
233.67491951835865 44.774019857694775 0.7311705952719263 42 0.8284795791263051 -33 0.7478487031581026 0.6206175895284075 0.3112618960130954 3 96 -21508,2925 -862,8224 1,7316 133 64 1,258
233.67491951835865 44.774019857694775 0.7311705952719263 42 0.8284795791263051 -33 0.7478487031581026 0.6206175895284075 0.3112618960130954 3 96 -22411,4759 -715,1451 1,8247 149 66 1,259
734.7623782947295 8.49362363022188 0.8855327829484922 20 0.774711600378946 -59 0.7307314232622115 0.8455559341926241 0.15696559998713255 4 72 -11039,9339 -479,3071 1,43 164 79 2,325
734.7623782947295 8.49362363022188 0.8855327829484922 20 0.774711600378946 -59 0.7307314232622115 0.8455559341926241 0.15696559998713255 4 72 -9043,9675 -256,5074 1,378 115 64 2,279
734.7623782947295 8.49362363022188 0.8855327829484922 20 0.774711600378946 -59 0.7307314232622115 0.8455559341926241 0.15696559998713255 4 72 -9686,7884 -244,1311 1,5191 119 70 2,229
632.8856424956077 33.83465085044028 0.7793463508691728 30 0.6929602418149396 -44 0.5753952977614214 0.48655455412718485 0.6114691995039718 4 62 -25122,8486 -1470,9276 1,8084 112 66 1,538
632.8856424956077 33.83465085044028 0.7793463508691728 30 0.6929602418149396 -44 0.5753952977614214 0.48655455412718485 0.6114691995039718 4 62 -21371,3539 -1057,2952 1,6362 98 56 1,433
632.8856424956077 33.83465085044028 0.7793463508691728 30 0.6929602418149396 -44 0.5753952977614214 0.48655455412718485 0.6114691995039718 4 62 -27758,5576 -1334,0189 1,7246 136 72 1,545
531.9989643262013 42.46112486807341 0.7541115565937058 54 0.6976693758566546 -149 0.7865741788828505 0.3877039842177696 0.4586232010218886 3 73 -15329,5619 -585,0942 1,6529 83 42 1,567
531.9989643262013 42.46112486807341 0.7541115565937058 54 0.6976693758566546 -149 0.7865741788828505 0.3877039842177696 0.4586232010218886 3 73 -22878,1266 -913,1416 1,5213 127 75 1,582
531.9989643262013 42.46112486807341 0.7541115565937058 54 0.6976693758566546 -149 0.7865741788828505 0.3877039842177696 0.4586232010218886 3 73 -17290,7528 -884,1372 1,7082 104 43 1,667
695.5253802862684 15.052561711863229 0.7533200661640272 37 0.7152451497729084 -110 0.5074528098256667 0.7735300125448052 0.5099426763726018 4 88 -28096,2765 -1496,2248 1,5846 119 64 1,797
695.5253802862684 15.052561711863229 0.7533200661640272 37 0.7152451497729084 -110 0.5074528098256667 0.7735300125448052 0.5099426763726018 4 88 -35323,4813 -1435,2477 1,5933 146 82 1,67
695.5253802862684 15.052561711863229 0.7533200661640272 37 0.7152451497729084 -110 0.5074528098256667 0.7735300125448052 0.5099426763726018 4 88 -29927,5871 -1284,0023 1,5849 133 65 1,574
125.43997046909357 42.05279107927799 0.9583993805559317 32 0.6174138213055971 -34 0.06772675768430508 0.8591372540055645 0.42050019150938933 2 79 -15154,438 -677,3939 1,5293 85 44 2,275
125.43997046909357 42.05279107927799 0.9583993805559317 32 0.6174138213055971 -34 0.06772675768430508 0.8591372540055645 0.42050019150938933 2 79 -10997,4809 -510,7839 1,3754 67 26 2,247
125.43997046909357 42.05279107927799 0.9583993805559317 32 0.6174138213055971 -34 0.06772675768430508 0.8591372540055645 0.42050019150938933 2 79 -18397,3853 -529,1612 1,4687 104 55 2,111
727.4215733106319 35.038940710609324 0.755398699784103 36 0.7979403281538853 -119 0.2640728950780767 0.3409265038926374 0.44449199918486115 4 55 -17490,9324 -762,1296 1,649 124 62 1,484
727.4215733106319 35.038940710609324 0.755398699784103 36 0.7979403281538853 -119 0.2640728950780767 0.3409265038926374 0.44449199918486115 4 55 -12834,2474 -701,9229 1,8323 92 37 1,514
727.4215733106319 35.038940710609324 0.755398699784103 36 0.7979403281538853 -119 0.2640728950780767 0.3409265038926374 0.44449199918486115 4 55 -13744,5991 -464,6685 1,5977 92 48 1,442
64.83400364811935 22.753180706580952 0.7105560065145116 23 0.543629014702629 -81 0.31521220619104906 0.6164048929241771 0.7372901253534295 1 95 -51413,1671 -2164,123 2,1764 169 70 0,694
64.83400364811935 22.753180706580952 0.7105560065145116 23 0.543629014702629 -81 0.31521220619104906 0.6164048929241771 0.7372901253534295 1 95 -63450,7282 -1891,2942 2,2794 191 92 0,616
64.83400364811935 22.753180706580952 0.7105560065145116 23 0.543629014702629 -81 0.31521220619104906 0.6164048929241771 0.7372901253534295 1 95 -48435,5826 -1657,007 2,1774 142 69 0,659
494.0693631960849 41.82958214656104 0.8926919150197398 53 0.8575971054410637 -141 0.840092366667157 0.08164505350418011 0.8461569335295113 1 74 -19068,8209 -1307,4673 1,3852 65 29 2,316
494.0693631960849 41.82958214656104 0.8926919150197398 53 0.8575971054410637 -141 0.840092366667157 0.08164505350418011 0.8461569335295113 1 74 -11212,3336 -1029,1955 1,3847 32 18 2,276
494.0693631960849 41.82958214656104 0.8926919150197398 53 0.8575971054410637 -141 0.840092366667157 0.08164505350418011 0.8461569335295113 1 74 -10091,6149 -1073,6112 1,2681 36 14 2,341
495.9014796853792 15.83367536747799 0.9624019667508288 12 0.5408203756594425 -63 0.7609645020322722 0.9305433819686286 0.6906997747901947 3 73 -18345,6947 -839,0724 1,4886 70 31 2,85
495.9014796853792 15.83367536747799 0.9624019667508288 12 0.5408203756594425 -63 0.7609645020322722 0.9305433819686286 0.6906997747901947 3 73 -21992,3076 -888,2143 1,2789 79 48 2,608
495.9014796853792 15.83367536747799 0.9624019667508288 12 0.5408203756594425 -63 0.7609645020322722 0.9305433819686286 0.6906997747901947 3 73 -23532,6216 -832,8908 1,3623 83 53 2,838
175.4305147944399 7.133680742887213 0.7683702040099812 30 0.6181958928230824 -61 0.6874472087904727 0.9585295911984252 0.3983236348811815 1 79 -18536,8528 -1098,7914 1,6725 128 55 1,479
175.4305147944399 7.133680742887213 0.7683702040099812 30 0.6181958928230824 -61 0.6874472087904727 0.9585295911984252 0.3983236348811815 1 79 -15275,2985 -775,2474 1,7556 92 50 1,604
175.4305147944399 7.133680742887213 0.7683702040099812 30 0.6181958928230824 -61 0.6874472087904727 0.9585295911984252 0.3983236348811815 1 79 -20239,7275 -785,7102 1,6292 131 69 1,556
163.33616253210033 0.3815368561700371 0.9372982658843763 90 0.6760710733205297 -87 0.48252257684682326 0.8186163546232768 0.3324248994403942 2 49 -4610,1431 -305,9422 0,9352 56 24 13,862
163.33616253210033 0.3815368561700371 0.9372982658843763 90 0.6760710733205297 -87 0.48252257684682326 0.8186163546232768 0.3324248994403942 2 49 -6591,7051 -463,1379 0,9456 73 38 12,449
163.33616253210033 0.3815368561700371 0.9372982658843763 90 0.6760710733205297 -87 0.48252257684682326 0.8186163546232768 0.3324248994403942 2 49 -4080,3629 -380,3365 0,9566 41 22 12,236
650.2136429518632 0.06740284942128819 0.9345042043702521 66 0.6036943037774093 -114 0.6956349485413836 0.5513684773895637 0.416079950626112 4 57 -11703,4468 -404,9392 0,9175 94 42 14,343
650.2136429518632 0.06740284942128819 0.9345042043702521 66 0.6036943037774093 -114 0.6956349485413836 0.5513684773895637 0.416079950626112 4 57 -4277,3173 -274,5801 0,8093 35 11 11,796
650.2136429518632 0.06740284942128819 0.9345042043702521 66 0.6036943037774093 -114 0.6956349485413836 0.5513684773895637 0.416079950626112 4 57 -7015,8174 -417,8698 0,8697 53 23 11,626
682.4705209042304 22.189687242815697 0.9641844292150483 38 0.6838018102366441 -110 0.3571043459335599 0.004138151961838643 0.4460243273387302 2 31 -5945,299 -296,4705 1,0741 78 37 8,947
682.4705209042304 22.189687242815697 0.9641844292150483 38 0.6838018102366441 -110 0.3571043459335599 0.004138151961838643 0.4460243273387302 2 31 -6598,9845 -305,1085 1,0088 79 47 7,385
682.4705209042304 22.189687242815697 0.9641844292150483 38 0.6838018102366441 -110 0.3571043459335599 0.004138151961838643 0.4460243273387302 2 31 -6096,6997 -315,0604 1,0432 74 42 6,57
1067.938020474815 0.5244761728290261 0.9713932525914895 86 0.6588694358114251 -109 0.6387338820829389 0.2635930234979899 0.12060446514771106 1 31 -434,9511 -35,8666 0,7101 11 2 25,288
1067.938020474815 0.5244761728290261 0.9713932525914895 86 0.6588694358114251 -109 0.6387338820829389 0.2635930234979899 0.12060446514771106 1 31 -729,3716 -67,1143 0,7011 24 12 24,855
1067.938020474815 0.5244761728290261 0.9713932525914895 86 0.6588694358114251 -109 0.6387338820829389 0.2635930234979899 0.12060446514771106 1 31 -825,425 -57,0679 0,7932 29 13 28,051
356.97684888660825 174.6810261974377 0.9869350559464736 53 0.6510496424993802 -120 0.30023561122074943 0.3599553831740061 0.6589172904918023 1 60 -10258,8629 -1161,7208 1,1732 50 28 7,472
356.97684888660825 174.6810261974377 0.9869350559464736 53 0.6510496424993802 -120 0.30023561122074943 0.3599553831740061 0.6589172904918023 1 60 -14834,7664 -878,8972 1,1316 78 36 6,171
356.97684888660825 174.6810261974377 0.9869350559464736 53 0.6510496424993802 -120 0.30023561122074943 0.3599553831740061 0.6589172904918023 1 60 -9218,1246 -725,8706 1,1377 45 27 5,679
884.7034596391593 0.04731920167976518 0.9592821161432383 57 0.7091233205004506 -148 0.8438483590639978 0.46691050835755615 0.30113739596102046 2 34 -2976,7387 -298,6764 0,7903 51 22 16,568
884.7034596391593 0.04731920167976518 0.9592821161432383 57 0.7091233205004506 -148 0.8438483590639978 0.46691050835755615 0.30113739596102046 2 34 -2553,58 -148,8809 0,8891 43 15 16,714
884.7034596391593 0.04731920167976518 0.9592821161432383 57 0.7091233205004506 -148 0.8438483590639978 0.46691050835755615 0.30113739596102046 2 34 -2887,4234 -306,2671 0,7521 44 27 14,475
525.3629892560457 0.008595913877396928 0.995 73 0.7336394361589758 -85 0.607160262045745 0.3242545081525392 0.5782827736562706 1 50 -1703,4106 -340,7954 0,5006 15 4 86,64
525.3629892560457 0.008595913877396928 0.995 73 0.7336394361589758 -85 0.607160262045745 0.3242545081525392 0.5782827736562706 1 50 -2253,1607 -419,6519 0,541 14 7 86,608
525.3629892560457 0.008595913877396928 0.995 73 0.7336394361589758 -85 0.607160262045745 0.3242545081525392 0.5782827736562706 1 50 -2497,3235 -347,4409 0,6094 21 8 93,235
-25.130160482390124 16.659890277252174 0.995 77 0.810219104711337 -128 0.99 0.7070634027313185 0.1258178455454219 1 69 -4487,2221 -84,5065 3,2078 98 22 0,867
-25.130160482390124 16.659890277252174 0.995 77 0.810219104711337 -128 0.99 0.7070634027313185 0.1258178455454219 1 69 -4487,2221 -84,5065 3,2078 98 22 0,644
-25.130160482390124 16.659890277252174 0.995 77 0.810219104711337 -128 0.99 0.7070634027313185 0.1258178455454219 1 69 -4487,2221 -84,5065 3,2078 98 22 0,554
516.3628808397383 0.9202665225216239 0.995 73 0.7828299187497028 -114 0.99 0.3230919272390824 0.1911858723843042 1 47 -806,0722 -168,6596 0,5478 10 8 65,823
516.3628808397383 0.9202665225216239 0.995 73 0.7828299187497028 -114 0.99 0.3230919272390824 0.1911858723843042 1 47 -971,211 -147,4791 0,5169 18 9 57,747
516.3628808397383 0.9202665225216239 0.995 73 0.7828299187497028 -114 0.99 0.3230919272390824 0.1911858723843042 1 47 -790,6981 -122,5285 0,5236 18 5 58,519
718.6511659357092 27.84223878483382 0.995 70 0.6797991558942776 -96 0.99 0.3879731870903066 0.2490972010582407 1 60 -2084,1333 -204,6089 0,7185 26 11 36,775
718.6511659357092 27.84223878483382 0.995 70 0.6797991558942776 -96 0.99 0.3879731870903066 0.2490972010582407 1 60 -2087,5769 -227,684 0,6509 32 12 38,108
718.6511659357092 27.84223878483382 0.995 70 0.6797991558942776 -96 0.99 0.3879731870903066 0.2490972010582407 1 60 -1153,4599 -183,7405 0,6353 14 7 35,905
745.0612513452303 1.383683506348625 0.9555192364312715 66 0.6238633545565914 -114 0.99 0.8508620783375902 0.4485813112894905 1 51 -4179,8437 -363,2145 0,9193 33 18 16,697
745.0612513452303 1.383683506348625 0.9555192364312715 66 0.6238633545565914 -114 0.99 0.8508620783375902 0.4485813112894905 1 51 -5563,9325 -343,17 0,9508 45 25 16,998
745.0612513452303 1.383683506348625 0.9555192364312715 66 0.6238633545565914 -114 0.99 0.8508620783375902 0.4485813112894905 1 51 -5263,3196 -349,1193 1,0827 42 21 13,874
1052.5297271906086 0.06920262551824778 0.9895374585349597 63 0.6808576422745257 -98 0.99 0.47845855361815626 0.13694509235592045 1 46 -587,7804 -59,7457 0,6745 12 4 49,515
1052.5297271906086 0.06920262551824778 0.9895374585349597 63 0.6808576422745257 -98 0.99 0.47845855361815626 0.13694509235592045 1 46 -864,0673 -119,8939 0,5754 21 12 47,515
1052.5297271906086 0.06920262551824778 0.9895374585349597 63 0.6808576422745257 -98 0.99 0.47845855361815626 0.13694509235592045 1 46 -903,2511 -87,094 0,6888 20 9 47,584
822.1966917490956 0.5414808545588052 0.995 75 0.6602910120774914 -96 0.99 0.42440585034155187 0.6050774567676223 1 59 -380,7197 -81,5255 0,5761 1 1 68,178
822.1966917490956 0.5414808545588052 0.995 75 0.6602910120774914 -96 0.99 0.42440585034155187 0.6050774567676223 1 59 -2094,0919 -758,1378 0,5483 10 8 68,263
822.1966917490956 0.5414808545588052 0.995 75 0.6602910120774914 -96 0.99 0.42440585034155187 0.6050774567676223 1 59 -444,7957 -108,6419 0,5859 1 1 61,937
785.8184707976023 1.9047326306069239 0.995 38 0.6722118049756314 -160 0.99 0.20569233292871422 0.4258329250084505 1 37 -1322,4651 -224,6776 0,6115 14 6 35,74
785.8184707976023 1.9047326306069239 0.995 38 0.6722118049756314 -160 0.99 0.20569233292871422 0.4258329250084505 1 37 -2851,2979 -268,8975 0,6692 32 19 40,887
785.8184707976023 1.9047326306069239 0.995 38 0.6722118049756314 -160 0.99 0.20569233292871422 0.4258329250084505 1 37 -1261,2263 -268,0687 0,5919 16 6 36,865
1008.8043746768479 3.6310902087137547 0.9844175124845738 77 0.7244804973597188 -143 0.99 0.3913455181860482 0.04083026644625598 1 39 -496,8344 -35,2536 0,7142 28 11 29,079
1008.8043746768479 3.6310902087137547 0.9844175124845738 77 0.7244804973597188 -143 0.99 0.3913455181860482 0.04083026644625598 1 39 -494,7019 -28,699 0,6203 35 14 28,031
1008.8043746768479 3.6310902087137547 0.9844175124845738 77 0.7244804973597188 -143 0.99 0.3913455181860482 0.04083026644625598 1 39 -525,412 -52,8766 0,6613 32 17 27,82
598.251499212284 8.788402677554684 0.9938476832646459 71 0.6073944642810425 -163 0.99 0.36882586054563965 0.15261143287915147 1 53 -1583,8348 -139,9851 0,7114 38 15 40,596
598.251499212284 8.788402677554684 0.9938476832646459 71 0.6073944642810425 -163 0.99 0.36882586054563965 0.15261143287915147 1 53 -865,3492 -165,323 0,5666 21 7 37,402
598.251499212284 8.788402677554684 0.9938476832646459 71 0.6073944642810425 -163 0.99 0.36882586054563965 0.15261143287915147 1 53 -647,3775 -101,3944 0,6166 13 4 35,551
775.121840619858 12.259401345470284 0.9837175047554707 71 0.7561383059567602 -168 0.99 0.43897485831031235 0.70312614849579 1 54 -2746,105 -550,5839 0,8145 15 6 17,287
775.121840619858 12.259401345470284 0.9837175047554707 71 0.7561383059567602 -168 0.99 0.43897485831031235 0.70312614849579 1 54 -4763,6634 -895,7853 0,7801 23 13 18,729
775.121840619858 12.259401345470284 0.9837175047554707 71 0.7561383059567602 -168 0.99 0.43897485831031235 0.70312614849579 1 54 -3282,4149 -511,7604 0,7932 21 6 16,659
531.9081452599501 6.436775749864686 0.9862377686551784 65 0.6267715425378113 -82 0.99 0.42887550990913376 0.5701749889352807 1 45 -2027,602 -290,4085 0,8858 15 5 21,73
531.9081452599501 6.436775749864686 0.9862377686551784 65 0.6267715425378113 -82 0.99 0.42887550990913376 0.5701749889352807 1 45 -6166,6094 -591,542 0,7535 47 23 22,143
531.9081452599501 6.436775749864686 0.9862377686551784 65 0.6267715425378113 -82 0.99 0.42887550990913376 0.5701749889352807 1 45 -3244,6424 -383,2571 0,8118 25 13 20,826