0.996 0.7 50  -351,5411 -10,3285 0,7111 0 0
0.996 0.7 40  -352,7629 -5,9016 0,6952 0 0
0.996 0.7 35  -1286,592 -296,1201 0,7081 8 4
0.995 0.7 50  -518,6752 -36,208 0,7404 2 0
0.995 0.7 40  -311,9959 -6,0311 0,6127 0 0
0.995 0.7 35  -461,4002 -32,5559 0,7622 1 0
0.996 0.7 50  -334,349 -8,7811 0,6352 0 0
0.996 0.7 40  -360,9942 -10,3011 0,6971 0 0
0.996 0.7 35  -403,5776 -9,6881 0,7297 0 0
0.995 0.7 50  -389,7898 -8,5937 0,7478 0 0
0.995 0.7 40  -355,8994 -7,0937 0,6776 0 0
0.995 0.7 35  -387,6144 -8,0003 0,728 0 0
0.996 0.7 50  -361,1908 -4,9082 0,6852 0 0
0.996 0.7 40  -368,6503 -8,2811 0,7056 0 0
0.996 0.7 35  -1744,9553 -441,2951 0,7102 11 6
0.995 0.7 50  -470,084 -62,4634 0,6873 2 0
0.995 0.7 40  -322,7925 -10,2149 0,6307 0 0
0.995 0.7 35  -718,8472 -114,7435 0,6887 3 2
0.996 0.7 50  -322,3577 -5,5371 0,6346 0 0
0.996 0.7 40  -345,597 -6,0976 0,6611 0 0
0.996 0.7 35  -354,1533 -5,613 0,679 0 0
0.995 0.7 50  -359,5768 -9,8918 0,689 0 0
0.995 0.7 40  -329,9115 -6,7475 0,6586 0 0
0.995 0.7 35  -351,1452 -9,9975 0,6754 0 0
0.996 0.7 50  -332,2697 -4,903 0,6419 0 0
0.996 0.7 40  -1639,2983 -343,0149 0,684 12 5
0.996 0.7 35  -808,9144 -219,6536 0,7053 3 2
0.995 0.7 50  -375,6128 -8,0937 0,7205 0 0
0.995 0.7 40  -333,9016 -6,0311 0,6586 0 0
0.995 0.7 35  -431,8123 -7,8366 0,7847 0 0
0.996 0.7 50  -541,564 -96,9828 0,6582 2 1
0.996 0.7 40  -357,1552 -9,5937 0,684 0 0
0.996 0.7 35  -391,8301 -5,7203 0,7509 0 0
0.995 0.7 50  -1010,6314 -239,1511 0,6562 7 2
0.995 0.7 40  -346,9488 -5,863 0,6765 0 0
0.995 0.7 35  -504,9691 -63,2834 0,7348 2 0
0.996 0.7 50  -308,9189 -4,7811 0,6136 0 0
0.996 0.7 40  -342,6507 -8,6881 0,6489 0 0
0.996 0.7 35  -373,9547 -7,0311 0,7232 0 0
0.995 0.7 50  -351,6687 -4,913 0,6772 0 0
0.995 0.7 40  -470,5612 -54,8727 0,7049 0 2
0.995 0.7 35  -792,2894 -195,5329 0,7634 4 1
0.9951105764802178 0.6999964902443419 34  -435,6581 -36,1802 0,6984 1 0
0.9951105764802178 0.6999964902443419 34  -353,5475 -7,113 0,6791 0 0
0.9952108064528943 0.6999287253690494 52  -402,5603 -34,2637 0,6633 1 0
0.9952108064528943 0.6999287253690494 52  -341,8063 -7,7149 0,6408 0 0
0.9952108064528943 0.6999287253690494 52  -319,4511 -6,5866 0,6388 0 0
0.9956462806478598 0.6997077418669752 48  -332,7195 -6,3643 0,6294 0 0
0.9956462806478598 0.6997077418669752 48  -364,3326 -10,7149 0,7124 0 0
0.9956462806478598 0.6997077418669752 48  -323,2263 -4,9178 0,6342 0 0
0.9957959828530396 0.7000165318924828 43  -355,443 -6,2811 0,6887 0 0
0.9957959828530396 0.7000165318924828 43  -322,9788 -7,9381 0,6111 0 0
0.9957959828530396 0.7000165318924828 43  -373,8575 -4,7811 0,724 0 0
0.9985040462430467 0.6998527164212003 52  -312,0619 -6,0201 0,6295 0 0
0.9985040462430467 0.6998527164212003 52  -291,2415 -5,0311 0,5712 0 0
0.9985040462430467 0.6998527164212003 52  -273,5801 -6,6582 0,5455 0 0
0.9940330401726017 0.6998487229111545 50  -357,9245 -11,3918 0,6779 0 0
0.9940330401726017 0.6998487229111545 50  -368,9594 -7,3437 0,7137 0 0
0.9940330401726017 0.6998487229111545 50  -356,6817 -10,304 0,6798 0 0
0.9949340138885988 0.6983194645517578 51  -366,5782 -9,4381 0,7088 0 0
0.9949340138885988 0.6983194645517578 51  -343,8187 -5,0976 0,6575 0 0
0.9949340138885988 0.6983194645517578 51  -1060,1809 -347,5948 0,6961 5 3
0.9954441595385622 0.6984009858812313 44  -644,7081 -109,6746 0,7049 4 0 73,512
0.9954441595385622 0.6984009858812313 44  -400,6702 -27,8848 0,6396 1 0 64,854
0.9954441595385622 0.6984009858812313 44  -336,4878 -7,5311 0,6398 0 0 61,737
0.9958567017822313 0.7000004375162967 46  -346,0532 -6,5311 0,6732 0 0 72,55
0.9958567017822313 0.7000004375162967 46  -371,9424 -7,0974 0,7178 0 0 73,011
0.9958567017822313 0.7000004375162967 46  -337,5307 -6,5311 0,6406 0 0 75,257
0.9949484311591726 0.6990142806821461 45  -395,1791 -9,6143 0,7521 0 0 61,669
0.9949484311591726 0.6990142806821461 45  -334,1333 -7,3366 0,6518 0 0 57,472
0.9949484311591726 0.6990142806821461 45  -341,6082 -5,5311 0,6624 0 0 58,939
0.9949831111462317 0.7001812550209929 49  -342,4748 -9,5785 0,6637 0 0 141,062
0.9949831111462317 0.7001812550209929 49  -367,6248 -8,6143 0,702 0 0 109,713
0.9949831111462317 0.7001812550209929 49  -346,828 -4,7811 0,6547 0 0 80,994
0.996654499350152 0.6994300446227356 47  -313,5926 -5,2932 0,615 0 0 98,209
0.996654499350152 0.6994300446227356 47  -307,8293 -5,133 0,6182 0 0 102,583
0.996654499350152 0.6994300446227356 47  -950,6307 -314,655 0,6294 4 3 100,098
0.995907998067992 0.6995695919228376 50  -311,5873 -4,8506 0,6181 0 0 108,547
0.995907998067992 0.6995695919228376 50  -332,8882 -6,7811 0,6396 0 0 92,01
0.995907998067992 0.6995695919228376 50  -366,4311 -5,3007 0,7055 0 0 92,164
0.9940012422630969 0.6997975376002125 47  -428,4175 -7,3437 0,8138 0 0 117,39
0.9940012422630969 0.6997975376002125 47  -397,1617 -5,9806 0,7386 0 0 116,962
0.9940012422630969 0.6997975376002125 47  -714,1424 -130,7181 0,8469 4 0 102,916
0.9947150888127444 0.6997701076091302 50  -446,4799 -8,5785 0,8348 0 0 150,125
0.9947150888127444 0.6997701076091302 50  -506,6882 -10,2475 0,9355 0 0 162,993
0.9947150888127444 0.6997701076091302 50  -421,8409 -6,2759 0,7815 0 0 142,764
0.995494372586366 0.6998744514189905 51  -396,8877 -7,0937 0,7242 0 0 147,505
0.995494372586366 0.6998744514189905 51  -406,5376 -8,363 0,7718 0 0 158,951
0.995494372586366 0.6998744514189905 51  -390,1271 -5,5311 0,7505 0 0 148,397
0.9967422211768715 0.6997055561106789 47  -403,8344 -8,3586 0,757 0 0 207,661
0.9967422211768715 0.6997055561106789 47  -376,3107 -5,6943 0,7108 0 0 186,661
0.9967422211768715 0.6997055561106789 47  -387,0451 -6,3825 0,7291 0 0 197,679
0.9945879296176362 0.7005238358940955 43  -441,7563 -7,7811 0,8223 0 0 121,991
0.9945879296176362 0.7005238358940955 43  -466,0646 -8,7503 0,8832 0 0 129,717
0.9945879296176362 0.7005238358940955 43  -455,5158 -9,804 0,8559 0 0 120,304
0.9953941450180032 0.6998747076437004 48  -401,5266 -9,8437 0,7323 0 0 143,072
0.9953941450180032 0.6998747076437004 48  -395,8383 -6,7811 0,7567 0 0 150,194
0.9953941450180032 0.6998747076437004 48  -438,5121 -5,6582 0,8273 0 0 173,938
0.9966151493881152 0.6998344136636407 46  -404,0379 -6,3476 0,7691 0 0 194,832
0.9966151493881152 0.6998344136636407 46  -379,3805 -4,9222 0,716 0 0 213,315
0.9966151493881152 0.6998344136636407 46  -389,442 -7,667 0,7417 0 0 200,077
0.9961105576583871 0.6993575688613064 52  -423,7606 -5,3476 0,7944 0 0 172,343
0.9961105576583871 0.6993575688613064 52  -394,4539 -5,549 0,729 0 0 177,218
0.9961105576583871 0.6993575688613064 52  -393,6289 -5,4443 0,7378 0 0 185,414
0.9958817531168733 0.7001089871133616 46  -398,8141 -7,0311 0,7333 0 0 158,35
0.9958817531168733 0.7001089871133616 46  -414,0434 -9,1881 0,7897 0 0 152,702
0.9958817531168733 0.7001089871133616 46  -420,4746 -10,9614 0,7962 0 0 143,488
0.9951453540379409 0.7002841701933806 48  -414,1096 -7,3643 0,779 0 0 123,433
0.9951453540379409 0.7002841701933806 48  -407,676 -6,8366 0,782 0 0 149,668
0.9951453540379409 0.7002841701933806 48  -419,6101 -6,0866 0,7856 0 0 155,429
0.9948376933824747 0.6996398798490562 48  -381,5204 -7,304 0,7306 0 0 141,556
0.9948376933824747 0.6996398798490562 48  -400,6096 -7,5311 0,7561 0 0 139,172
0.9948376933824747 0.6996398798490562 48  -444,2217 -6,2811 0,834 0 0 146,825
0.9981928879711554 0.6995467935022269 55  -380,806 -6,2932 0,7095 0 0 371,606
0.9981928879711554 0.6995467935022269 55  -370,2565 -5,8668 0,6743 0 0 404,795
0.9981928879711554 0.6995467935022269 55  -384,7826 -6,8031 0,6882 0 0 373,694
0.9958336990783809 0.7000428343752265 36  -416,991 -8,2811 0,783 0 0 114,522
0.9958336990783809 0.7000428343752265 36  -430,9532 -6,0937 0,8194 0 0 184,64
0.9958336990783809 0.7000428343752265 36  -458,7513 -6,0311 0,8661 0 0 172,158
0.996582363398562 0.6998443926672538 49  -419,7024 -6,0511 0,7777 0 0 278,101
0.996582363398562 0.6998443926672538 49  -432,4698 -7,2189 0,7975 0 0 190,634
0.996582363398562 0.6998443926672538 49  -376,0825 -5,2559 0,7335 0 0 189,466
0.9969429502107102 0.6999731340452213 52  -411,6251 -5,7814 0,7705 0 0 194,64
0.9969429502107102 0.6999731340452213 52  -365,3508 -5,7701 0,676 0 0 232,113
0.9969429502107102 0.6999731340452213 52  -380,9749 -6,1488 0,7358 0 0 191,652
0.9966832007830742 0.7000078350438207 48  -417,939 -5,9013 0,7604 0 0 193,528
0.9966832007830742 0.7000078350438207 48  -407,1743 -6,2344 0,7487 0 0 197,487
0.9966832007830742 0.7000078350438207 48  -404,1904 -6,6757 0,7725 0 0 160,383
0.996486465769323 0.6999370084734667 53  -366,1675 -6,0357 0,7392 0 0 155,305