LLC6216 1421 418 300 340 0 250 0
FPO274U 2006 20 260 100 0 220 0
LLC6112 2230 5 280 40 0 210 0
FPO226Z 2637 2 180 80 0 220 0
SRR6316 5568 0 240 200 0 220 0
AFR293 7272 16 260 100 0 220 0
CRL874A 7624 12 260 160 0 240 0
BCS1520 9842 20 160 200 0 230 0
AFR1121 10596 12 20 320 0 250 0
BCS1264 10703 9 100 300 0 240 0
AFR567 11064 2 300 40 0 220 0
REU975 11803 1 260 100 0 240 0
AFR995 11931 16 240 160 0 220 0
AFR1785 12021 13 220 20 0 210 0
AFR381 13429 7 260 120 0 240 0
MEA209 13695 18 100 340 0 250 0
AFR185 14467 4 20 340 0 240 0
AFR655 14455 16 60 320 0 230 0
AFR703 15121 3 60 220 0 240 0
AFR805 15200 11 120 200 0 220 0
XLF1151 15274 14 180 200 0 220 0
AFR167 15530 2 80 240 0 240 0
CES553 15783 4 140 320 0 250 0
AFR149 15887 16 160 200 0 250 0
AFR897 16021 4 280 20 0 220 0
SVA143 16355 10 240 140 0 250 0
AFR977 17215 6 240 80 0 250 0
AFR901 17457 11 80 240 0 250 0
CHH7907 17582 11 280 180 0 240 0
KQA112 18112 0 260 140 0 250 0
CSN347 18401 10 240 340 0 220 0
SVA127 18686 3 200 100 0 250 0
AFR150X 19513 18 160 120 0 240 0
GFA019 19949 104 300 0 0 240 0
ETD36A 20289 8 300 160 0 250 0
AFR54CB 20446 1 220 200 0 250 0
AFR217 20604 12 220 260 0 230 0
AFR32MV 20756 1 100 300 0 250 0
AFR160B 20863 13 100 260 0 230 0
AFR55BL 21057 14 200 220 0 240 0
AFR16UC 21277 17 180 280 0 190 0
AFR11MB 21503 7 240 180 0 220 0
MAU34 21640 13 220 120 0 250 0
JAI124 21711 59 240 140 0 220 0
AZA300 22009 136 100 180 0 250 0
AFR191 22247 191 240 20 0 250 0
AFR13RR 22462 108 180 100 0 210 0
EZY41KM 22704 225 20 40 0 230 0
AFR103M 22868 39 300 -20 0 240 0
AFR141R 22956 363 0 -40 0 240 0
AFR12TP 23068 152 180 -40 0 240 0
AFR1391 23167 251 220 -60 0 250 0
AFR58JW 23261 479 60 -60 0 250 0
AFR12ZK 23719 133 180 200 0 250 0
AFR10NN 23547 470 80 -60 0 240 0
AFR132F 24004 104 80 300 0 240 0
AFR11JT 23934 153 300 120 0 250 0
AFR10GG 24108 133 180 200 0 190 0
AFR98CZ 24415 14 140 300 0 220 0
ADR322 24543 3 220 20 0 230 0
SWR63U 24876 218 220 220 0 230 0
AFR15KD 24804 96 280 -40 0 240 0
AFR163Q 25335 23 80 240 0 250 0
AFR14CJ 25176 392 0 -60 0 250 0
AFR176T 25512 135 240 100 0 230 0
LZB431 25418 43 280 -20 0 250 0
AMC478 25828 18 60 260 0 200 0
ASL16W 26085 10 40 240 0 220 0
AFR10PH 28132 19 160 200 0 250 0
ELY319 28448 38 260 20 0 230 0
EZY48EP 28611 8 280 0 0 240 0
AZA79L 28810 7 140 100 0 210 0
AUA411C 28843 16 300 80 0 230 0
AHY073 29213 1 300 240 0 250 0
AFR15EY 28916 16 280 -60 0 210 0
AFR1355 29619 17 200 140 0 240 0
AFR13UH 29905 19 120 220 0 240 0
DAH1002 30333 12 100 220 0 250 0
AFR77JX 32100 13 20 240 0 230 0
CTN25F 32219 14 160 180 0 220 0
AFR14TW 32744 7 260 -20 0 220 0
AFR12NT 33268 2 200 -60 0 190 0
MEA211 33732 50 300 -40 0 240 0
AFR1145 33843 240 280 -60 0 230 0
AFR76VQ 33939 57 220 20 0 200 0
EZY17VM 34160 55 200 -20 0 220 0
AFR12MG 34250 32 240 -60 0 220 0
ROT381R 34412 72 180 -20 0 240 0
AFR16TG 34532 112 180 -20 0 250 0
AFR10UG 34655 1 300 -20 0 220 0
AFR11FP 34817 35 220 40 0 240 0
AFR15JV 35083 115 160 200 0 250 0
AFR77DN 34918 101 140 20 0 240 0
AFR14MF 35217 11 260 140 0 250 0
AFR27AM 35251 44 280 0 0 240 0
AFR11AV 35378 163 200 -20 0 250 0
AFR766B 35670 50 80 140 0 230 0
AFR11HW 35604 296 20 -40 0 250 0
AFR1321 35823 67 200 -20 0 220 0
AFR77HP 36055 66 180 40 0 240 0
AZA84A 36394 133 100 280 0 210 0
AFR92NW 36198 293 20 -20 0 190 0
EZY42NK 36527 40 220 120 0 220 0
EZY32KA 36678 6 220 140 0 240 0
AFR935 36816 165 240 20 0 240 0
MDG058 37025 163 140 120 0 250 0
AFR14GA 37417 224 180 360 0 240 0
AFR12LL 37253 85 280 20 0 220 0
AFR18LQ 37967 10 20 220 0 230 0
TUX1314 37806 10 280 -40 0 250 0
EZY36EH 39213 17 60 220 0 200 0
AFL2454 39202 11 260 180 0 220 0
AFR18VF 40310 18 180 20 0 220 0
AFR45WR 40534 15 120 120 0 250 0
KKK6PT 40855 9 260 140 0 240 0
MGX234 40876 3 240 0 0 200 0
AFR1085 41489 17 120 260 0 220 0
AFR13DT 41745 6 120 100 0 220 0
UAE73 41972 180 80 180 0 240 0
AFR1555 42097 50 180 200 0 230 0
AFR267 42456 144 260 120 0 250 0
AFR17LE 42542 119 240 0 0 240 0
AFR15GP 42618 120 240 -40 0 230 0
AFR13VV 42728 81 260 -40 0 230 0
EZY18NT 42830 68 280 -40 0 230 0
AFR39NC 43417 181 140 280 0 240 0
AFR77DA 43557 102 140 220 0 240 0
DAH1000 43807 90 240 40 0 240 0
AFR15TH 43920 135 260 -40 0 250 0
ETD47K 44045 490 0 -20 0 250 0
AZA312 44478 123 260 300 0 210 0
AFR17UT 44212 340 160 -60 0 220 0
AFR14HN 44379 222 180 0 0 210 0
AFR12FW 44665 38 260 160 0 210 0
AFR11QE 45785 1 140 0 0 250 0
AFR11DP 46932 4 260 20 0 220 0
AFR16YU 47053 17 280 40 0 220 0
EZY12UJ 47254 14 220 140 0 230 0
AUA413 47514 18 120 260 0 230 0
ROT383 47727 5 120 120 0 230 0
JAL45 50672 14 220 280 0 220 0
RJA117 51248 103 140 0 0 220 0
AFR775X 51324 31 280 -60 0 220 0
AFR14LL 51633 29 220 60 0 220 0
AEE612 51773 75 200 20 1 210 0
AFR1285 52030 77 120 140 0 250 0
JAL415 52274 284 40 220 0 240 0
AFR15MR 52425 20 240 280 1 240 0
AFR15AP 52317 352 40 20 0 220 0
AFR16CJ 52586 170 120 140 0 230 0
AFR92MZ 52506 204 280 -60 0 240 0
AFR1855 52768 326 60 20 0 230 0
AFR59YM 52927 262 60 0 0 230 0
AFR16BB 53160 275 160 60 0 230 0
AFR17DT 53267 29 160 160 0 240 0
DAH1214 53344 131 200 40 0 230 0
AFR89SG 53568 34 280 120 0 250 0
AZA324 53640 84 260 60 0 250 0
AFR15GV 53739 137 200 0 0 240 0
AFR11CF 53842 128 220 -40 0 250 0
AFR17UR 54023 124 140 40 0 240 0
AFL2458 54378 63 40 340 0 250 0
AFR15FX 54481 16 40 320 0 200 0
EZY9732 54161 256 220 -60 0 240 0
AFR15LE 54255 417 0 -60 1 250 0
FPO288A 54389 390 20 -60 0 230 0
DAH1118 54498 277 100 -40 0 200 0
AFR12UQ 54875 8 120 200 0 200 0
AFR15BW 55251 13 300 -40 0 250 0
AFR1753 55664 3 240 80 0 240 0
KLM19P 55820 20 180 140 0 230 0
AFR18JH 56046 7 180 20 0 210 0
AFR1465 56212 9 280 120 0 210 0
CTN476 56714 16 160 120 0 250 0
EZY68NG 57434 10 100 120 0 220 0
EZY82AR 57689 15 200 260 0 250 0
FIN2AP 57996 9 280 40 0 220 0
KAL901 58388 10 300 140 0 230 0
AFR1045 58582 12 300 80 0 240 0
AFR14TP 58933 3 220 240 0 250 0
AFR11KK 58887 15 280 0 0 210 0
AFR13ZW 59799 4 20 320 0 240 0
AIC143 59917 10 120 320 0 250 0
CES569 60745 4 180 280 0 250 0
AFR12BM 60840 17 120 280 0 240 0
AFR13BE 60967 20 140 280 0 240 0
UZB251 61434 14 260 140 0 230 0
AFR14LC 61865 2 80 320 0 240 0
AFR15MQ 62047 19 20 360 0 250 0
AFR13VH 62149 1 260 20 0 250 0
AFR13FR 62278 18 260 0 0 250 0
AFR15XA 62409 123 280 -60 0 250 0
AUA417C 62542 165 120 60 0 220 0
AFR17DP 62654 202 80 100 0 230 0
AFR13JP 62931 17 300 60 0 210 0
EZY686A 63087 232 40 120 0 230 0
ASL98F 63250 258 40 20 0 250 0
AZA358 63324 125 180 0 0 250 0
AFR18VY 63406 108 180 0 0 220 0
EZY57QB 63496 102 200 -20 0 220 0
AFR122Q 63583 113 180 -20 0 200 0
AFR77RJ 64032 12 0 340 0 230 0
AFR565 63677 293 280 -60 1 250 0
AFR18BW 64344 3 200 100 0 200 0
LBT318 64644 7 40 300 0 220 0
AFR16AL 64502 165 120 40 0 210 0
UAE75 64961 172 160 340 0 220 0
AFR18PP 65108 252 220 280 0 220 0
AFR18LE 64981 134 260 60 0 250 0
DAH1012 65255 15 240 100 0 230 0
AFR17WQ 65469 14 220 240 0 240 0
AFR76NA 65574 10 260 200 0 250 0
AFR7709 66211 4 80 240 0 230 0
AFR1185 66323 18 120 200 0 220 0
EZY69KT 66471 9 60 240 0 220 0
AFR18TK 66690 6 40 340 0 250 0
REU971 66789 65 280 -40 0 230 0
AFR13TA 66926 18 280 0 0 230 0
AFR13DD 67078 13 240 40 0 240 0
AFR12RT 67229 16 180 80 0 250 0
AFR16RW 67374 15 100 120 0 190 0
AFR31VN 67606 6 20 240 0 220 0
EZY3798 68323 19 240 -20 0 230 0
AFR1621 70870 319 160 0 0 240 0
AFR1839 71107 196 220 60 0 220 0
TAR2516 71952 58 240 -40 0 230 0
ELY325 75097 10 280 100 0 230 0
AAF224F 75236 8 300 -40 0 210 0
NPT5748 78067 6 40 240 0 250 0
FPO704 78335 20 240 60 0 210 0
TAY127L 78584 3 260 0 0 190 0
FPO842 78899 2 140 140 0 220 0
FPO720 79213 11 160 100 0 240 0
AFR833 12989 18 280 20 0 220 0
AFR953 14192 12 120 200 0 220 0
AFR535 14640 85 300 -60 0 240 0
AFR863 17827 7 260 100 0 240 0
LLC6226 48200 11 160 40 0 190 0
AFR117 51636 183 300 -40 0 250 0
AFR139 52153 119 220 200 0 230 0
AFR110B 59149 12 200 40 0 240 0
AFR13GQ 61710 3 100 260 0 240 0
AFR1891 69454 4 0 360 0 230 0
AFR14YZ 69587 9 200 180 0 240 0
AFR104T 70714 116 140 -20 0 250 0
FIN877 70689 337 120 -60 0 250 0
AUI129 71340 125 200 360 0 200 0
AFR10LM 71206 104 300 40 0 220 0
AFR1745 71436 339 80 140 0 190 0
AFR54WL 71512 19 220 120 0 200 0
AFR40EJ 71892 38 160 320 0 250 0
AFR17GM 71878 58 200 60 0 230 0
AFR10UN 72109 26 300 0 0 230 0
AFR1313 72244 56 200 60 0 250 0
AFR10VR 72383 165 160 160 0 230 0
AFR12AA 72523 278 280 -20 0 240 0
AFR13ZE 72684 54 120 140 0 250 0
AFR15QQ 72874 17 280 220 0 200 0
EZY329C 72987 5 200 60 0 220 0
AFR95PJ 73204 10 100 160 0 240 0
AFR15MV 73329 12 200 160 0 240 0
AFR14DC 73564 8 120 240 0 220 0
EZY241B 74658 12 220 20 0 240 0
JAF23E 74841 18 220 40 0 250 0
AFR18FA 75726 2 280 140 0 250 0
EZY35HL 76079 16 260 -40 0 230 0
AFR1755 76294 15 180 60 0 240 0
AZA332 77601 4 160 100 0 240 0
AZA338 79833 162 0 160 0 250 0
AFR487 11803 17 200 160 0 230 0
AFR257 14126 6 200 280 0 250 0
AFR225 15008 3 300 180 0 250 0
AFR107 15231 11 160 300 0 230 0
ETH704 15389 15 180 360 0 240 0
AFR111 15558 19 280 220 0 230 0
CPA261 17236 7 300 140 0 220 0
HVN19 17924 8 300 140 0 250 0
QTR041 18164 1 220 280 0 250 0
THA930 18804 3 300 180 0 230 0
CCA875 19166 17 160 320 0 240 0
SIA336 19309 3 180 320 0 240 0
KLM23P 20439 17 200 200 0 240 0
EVA087 20793 0 120 340 0 250 0
BEL3633 21016 14 220 180 0 240 0
EWG8HK 22386 55 260 240 0 210 0
EWG7402 22544 212 160 60 0 210 0
AFR131J 22723 103 200 120 0 240 0
KLM11P 22834 91 280 100 0 240 0
AFR14VD 22924 143 300 80 0 240 0
AFR11UP 23024 320 120 20 0 250 0
GWI8WH 23108 319 160 -40 0 230 0
AFR15AT 23213 440 40 -60 0 240 0
DLH87X 23341 185 260 -40 0 220 0
AFR1665 23510 378 0 20 0 250 0
AFR16EF 23817 102 140 220 0 230 0
AFR12QG 23716 290 180 -40 0 240 0
CSA3DZ 24117 24 200 240 0 220 0
AFR10LA 24215 25 200 220 0 190 0
AFR12YR 24335 109 300 220 0 190 0
AFR14XL 24675 132 220 60 0 240 0
LGL8011 24899 221 260 60 0 230 0
AFR1845 25044 226 220 -20 0 250 0
AFR1653 25156 143 260 -20 0 250 0
KLM37P 25603 91 220 320 0 200 0
BTI8GJ 25854 14 180 340 0 210 0
THY3KG 26876 15 260 100 0 250 0
FIN4LF 27492 19 260 140 0 230 0
BEL8VJ 27631 6 260 160 0 250 0
SAS89K 27986 4 140 220 0 230 0
LOT3GA 28504 5 40 340 0 250 0
DLH33A 28951 0 240 100 0 200 0
SAS69P 29495 4 240 200 0 250 0
BER5DU 29724 11 220 260 0 220 0
SAS835 30085 16 180 180 0 230 0
AFL2452 30871 3 260 140 0 200 0
AFR12HX 31169 12 100 320 0 230 0
DLH76E 31486 16 260 220 0 220 0
DLH99E 31307 9 240 0 0 220 0
LBT314 31668 17 60 220 0 190 0
AEE61CG 31908 17 20 220 0 200 0
GWI5LZ 33107 13 200 140 0 250 0
THY92U 33447 6 240 140 0 250 0
FIN8PY 33662 61 300 100 0 230 0
AFR13TP 34231 58 100 240 0 220 0
AFR17WF 34444 21 100 360 0 240 0
AFR1061 34542 106 260 -40 0 250 0
SDM6635 34632 135 300 -60 0 240 0
AFR13GV 34744 204 240 -60 0 250 0
LGL8013 35354 55 240 140 0 250 0
AFR14RQ 35623 126 180 200 0 250 0
AFR13WW 35709 82 280 160 0 250 0
AFR13JE 35977 190 160 320 0 220 0
AUI3FU 36185 151 280 240 0 240 0
AFR13FN 36477 22 260 80 0 190 0
AFR11BQ 36798 39 300 100 0 230 0
THY2GK 38124 12 300 20 0 220 0
ELY323 38721 1 20 260 0 220 0
KAC167 38743 1 200 280 0 220 0
SAS4837 39925 11 80 280 0 250 0
SAS571 40162 17 200 100 0 250 0
LLC6122 40178 14 300 0 0 240 0
AFR16WV 40544 1 120 340 0 200 0
QTR65AY 40709 8 300 100 0 220 0
SAS837 41064 14 180 240 0 240 0
FDX5030 41204 17 300 40 0 220 0
AFR16RJ 41402 19 260 140 0 230 0
AFR125 41760 10 160 320 0 230 0
BRU865 41926 9 100 360 0 190 0
LBT302 42240 109 120 220 0 250 0
KLM15P 42103 10 280 40 0 210 0
AFR11NA 42766 66 300 -20 0 240 0
DLH63U 43056 52 220 60 0 240 0
CSA2DZ 43081 61 300 60 0 250 0
SWR61D 43285 20 240 60 0 240 0
AFR561 43544 263 120 60 0 250 0
FIN6M 43781 199 40 160 0 230 0
AFR17QR 43872 26 240 100 0 230 0
VLG8635 44064 172 40 160 0 220 0
DLH55E 44375 98 180 260 0 230 0
AFL2462 44528 118 40 160 0 190 0
AFR37TR 44839 15 0 200 0 230 0
FCB386 45243 9 140 200 0 220 0
MSR799 45468 3 180 240 0 250 0
AUA415C 46367 19 280 40 0 200 0
THY8YS 47779 3 200 220 0 210 0
AFR17MH 50786 78 240 60 0 220 0
AFR275 51125 142 200 120 0 250 0
AFR12TX 51287 92 180 80 0 250 0
FDX5391 51374 92 300 20 0 240 0
AFR12SB 51530 64 280 60 0 250 0
AFR17ZE 51824 55 260 20 0 250 0
BTI3CE 52514 155 260 -40 0 210 0
AFR17GW 52741 251 160 80 0 240 0
ANA215 52836 529 40 -40 0 250 0
AFR12AE 53243 52 200 280 0 230 0
AFR10CL 53469 98 100 280 0 210 0
AFR12NR 53362 160 240 60 0 210 0
EWG9ZR 53757 165 300 300 0 250 0
AFR18AT 53661 153 160 80 0 240 0
LGL8019 53841 16 240 160 0 250 0
AFR18XY 54016 18 240 160 0 250 0
AFR162H 54621 247 100 220 0 200 0
AEE7RG 54775 19 240 -40 0 200 0
DLH77J 55137 12 80 240 0 230 0
SXS5EJ 55358 16 40 240 0 220 0
SAS559 55334 16 280 80 0 230 0
AFR17SC 56579 16 180 240 0 200 0
DLH22X 56907 4 280 20 0 230 0
THY3AY 57612 5 200 140 0 240 0
EWG1926 57803 3 200 220 0 220 0
FDX5238 58642 18 300 -20 0 220 0
BER2A 59235 14 240 100 0 200 0
DLH91C 59597 12 100 240 0 250 0
FDX5051 59571 19 200 60 0 240 0
SAS579 60058 14 60 280 0 210 0
SWR60W 60377 11 160 140 0 230 0
CCA933 61060 1 300 180 0 240 0
TAR8610 61669 6 100 180 0 230 0
OMA131 63157 41 220 240 0 250 0
CSA4CZ 62995 355 160 -20 0 250 0
KLM25P 63286 158 140 180 0 230 0
GWI8CJ 63905 46 280 100 0 230 0
AEE614 63943 26 240 120 1 250 0
DLH53A 64063 149 140 180 0 250 0
AFR18DR 64327 183 280 360 0 230 0
SAS839 64579 17 120 320 0 220 0
AFR15WT 64775 84 300 0 0 250 0
AFR11KR 65059 255 100 40 0 250 0
SWR644 65383 7 100 100 0 230 0
EWG9402 65389 19 300 80 0 250 0
DTH3000 65809 0 180 120 0 230 0
LOT335 67443 9 40 320 0 200 0
AFL261 67705 8 80 360 0 210 0
EWG7406 67948 9 240 160 0 230 0
QTR78T 68921 17 300 300 0 230 0
PIA733 70351 7 280 160 0 220 0
MSR801 70611 179 280 -60 0 250 0
CTM1073 17712 12 280 120 0 250 0
DLH52T 22254 48 120 200 0 240 0
AFR291 50975 109 260 100 0 240 0
FPO376C 59094 4 100 280 0 220 0
FPO952A 62732 60 220 -20 0 230 0
FDX5279 64431 6 140 340 0 240 0
FPO364B 65735 19 220 100 0 210 0
AFR14UM 70442 16 260 140 0 220 0
CTM1037 71259 105 40 140 0 230 0
DLH91J 71659 99 220 220 0 220 0
SWR646 72899 16 200 80 0 240 0
NOS8584 73707 14 100 180 0 230 0
THY7CY 74455 2 200 180 0 230 0
DLH07V 74586 17 240 80 0 250 0
LOT3KG 75273 18 260 120 0 220 0
DLH08W 76576 9 200 140 0 190 0
ABR5ML 77025 7 260 120 0 230 0
FDX5187 77393 9 300 60 0 250 0
FDX36 78234 6 260 280 0 230 0
FDX5195 78329 6 300 260 0 210 0
ABR4CE 78489 17 260 120 0 210 0
ABR5TR 79678 192 280 -40 0 250 0
ABR1RG 79851 315 280 -40 0 250 0
ABR6ZX 80420 39 180 320 0 220 0
ABR8SA 80286 113 40 180 0 240 0
ABR2KT 80300 159 300 80 0 250 0
FDX5112 80670 192 120 220 0 250 0
FDX5181 80501 331 260 -60 0 220 0
ABR8DN 80822 209 300 0 0 250 0
FDX5053 81208 181 160 280 0 240 0
FDX5029 81140 489 120 160 0 250 0
FDX4 81413 237 300 260 0 220 0
ABR9WA 81846 5 260 340 0 210 0
MNB251 82158 16 300 80 0 250 0
AAF460F 82241 9 300 80 0 240 0
ABR7CK 82639 10 200 220 0 250 0
SWT4AJ 82728 8 280 260 0 210 0
EZY68HP 82860 1 120 280 0 210 0
FDX5233 83072 5 140 260 0 240 0
ABR6EC 83931 0 280 60 0 250 0
BCS7331 84844 6 80 240 0 240 0
