
2000.0 1.0 0,991 45 0.7 -130 0,2 0,94 0.3 1 60 -709,93 -11,914 1,095 0 0 61,32
2000.0 1.0 0,991 55 0.7 -150 0,18 0,94 0.3 1 60 -777,906 -58,511 1,065 1 1 69,065
4000.0 1.0 0,991 45 0.7 -130 0,18 0,9 0.3 1 60 -698,239 -12,914 1,07 0 0 59,222
2000.0 1.0 0,991 55 0.7 -170 0,2 0,94 0.3 1 60 -714,304 -12,581 1,094 0 0 64,182
3000.0 1.0 0,991 45 0.7 -170 0,18 0,92 0.3 1 60 -721,454 -12,581 1,097 0 0 56,461
2000.0 1.0 0,991 55 0.7 -170 0,16 0,94 0.3 1 60 -787,036 -29,626 1,1 1 0 62,473
2000.0 1.0 0,991 55 0.7 -170 0,16 0,9 0.3 1 60 -878,093 -71,855 1,099 2 1 61,267
3000.0 1.0 0,991 45 0.7 -170 0,2 0,92 0.3 1 60 -788,004 -12,248 1,171 0 0 57,298
2000.0 1.0 0,991 45 0.7 -150 0,2 0,92 0.3 1 60 -923,367 -86,636 1,133 2 1 54,501
3000.0 1.0 0,991 45 0.7 -150 0,18 0,9 0.3 1 60 -769,772 -12,248 1,179 0 0 55,349
3000.0 1.0 0,991 55 0.7 -150 0,2 0,94 0.3 1 60 -726,135 -12,581 1,124 0 0 66,094
4000.0 1.0 0,991 55 0.7 -150 0,18 0,94 0.3 1 60 -1128,529 -194,989 1,049 8 2 70,483
3000.0 1.0 0,991 55 0.7 -150 0,2 0,92 0.3 1 60 -660,923 -13,248 1,037 0 0 67,219
3000.0 1.0 0,991 45 0.7 -150 0,16 0,94 0.3 1 60 -2003,483 -378,029 1,083 13 9 60,909
4000.0 1.0 0,991 45 0.7 -130 0,2 0,92 0.3 1 60 -698,28 -12,054 1,055 0 0 58,547
4000.0 1.0 0,991 55 0.7 -170 0,18 0,9 0.3 1 60 -732,613 -13,581 1,132 0 0 68,43
2000.0 1.0 0,991 45 0.7 -150 0,16 0,94 0.3 1 60 -718,328 -13,581 1,112 0 0 58,059
4000.0 1.0 0,991 55 0.7 -150 0,18 0,94 0.3 1 60 -703,602 -15,581 1,08 0 0 69,655
3000.0 1.0 0,991 45 0.7 -150 0,16 0,9 0.3 1 60 -789,769 -13,581 1,167 0 0 56,756
3000.0 1.0 0,991 45 0.7 -130 0,2 0,92 0.3 1 60 -2134,863 -302,93 1,094 19 7 64,203
3000.0 1.0 0,991 55 0.7 -170 0,18 0,92 0.3 1 60 -763,682 -12,248 1,146 0 0 69,111
4000.0 1.0 0,991 55 0.7 -130 0,18 0,9 0.3 1 60 -708,581 -12,581 1,126 0 0 68,612
2000.0 1.0 0,991 45 0.7 -150 0,18 0,9 0.3 1 60 -739,672 -12,248 1,122 0 0 51,662
4000.0 1.0 0,991 45 0.7 -130 0,16 0,9 0.3 1 60 -1294,875 -230,762 1,196 6 3 59,836
3000.0 1.0 0,991 45 0.7 -150 0,16 0,94 0.3 1 60 -786,933 -13,581 1,183 0 0 58,639
4000.0 1.0 0,991 55 0.7 -130 0,18 0,92 0.3 1 60 -691,879 -12,248 1,047 0 0 72,707
4000.0 1.0 0,991 55 0.7 -130 0,2 0,92 0.3 1 60 -614,276 -14,334 0,944 0 0 69,845
2000.0 1.0 0,991 45 0.7 -150 0,18 0,94 0.3 1 60 -675,914 -12,914 1,053 0 0 56,333
2000.0 1.0 0,991 55 0.7 -170 0,16 0,9 0.3 1 60 -690,263 -12,248 1,042 0 0 60,079
3000.0 1.0 0,991 45 0.7 -170 0,2 0,94 0.3 1 60 -695,791 -14,581 1,064 0 0 55,53
2000.0 1.0 0,991 45 0.7 -130 0,2 0,92 0.3 1 60 -966,447 -113,901 1,136 5 0 56,331
4000.0 1.0 0,991 55 0.7 -170 0,18 0,9 0.3 1 60 -699,281 -12,248 1,071 0 0 66,563
3000.0 1.0 0,991 45 0.7 -150 0,16 0,94 0.3 1 60 -702,036 -15,387 1,068 0 0 63,561
2000.0 1.0 0,991 55 0.7 -150 0,2 0,92 0.3 1 60 -749,07 -12,248 1,109 0 0 67,31
2000.0 1.0 0,991 55 0.7 -130 0,18 0,94 0.3 1 60 -729,966 -18 1,102 0 0 66,272
4000.0 1.0 0,991 45 0.7 -170 0,18 0,92 0.3 1 60 -747,798 -12,248 1,118 0 0 60,273
4000.0 1.0 0,991 55 0.7 -130 0,18 0,94 0.3 1 60 -669,835 -12,581 1,011 0 0 72,11
4000.0 1.0 0,991 55 0.7 -130 0,18 0,9 0.3 1 60 -721,051 -13,581 1,102 0 0 68,685
4000.0 1.0 0,991 45 0.7 -170 0,18 0,92 0.3 1 60 -1382,851 -206,446 1,104 8 4 63,305
3000.0 1.0 0,991 45 0.7 -170 0,2 0,94 0.3 1 60 -1576,812 -199,227 1,106 11 4 58,621
2000.0 1.0 0,991 45 0.7 -150 0,16 0,94 0.3 1 60 -858,936 -78,454 1,091 2 1 55,495
3000.0 1.0 0,991 55 0.7 -150 0,2 0,92 0.3 1 60 -724,336 -12,248 1,101 0 0 65,037
2000.0 1.0 0,991 45 0.7 -170 0,18 0,94 0.3 1 60 -722,22 -14,914 1,114 0 0 53,799
4000.0 1.0 0,991 55 0.7 -170 0,18 0,9 0.3 1 60 -710,778 -13,914 1,091 0 0 67,75
2000.0 1.0 0,991 45 0.7 -130 0,2 0,94 0.3 1 60 -1898,006 -151,924 1,103 18 4 62,858
4000.0 1.0 0,991 55 0.7 -150 0,18 0,94 0.3 1 60 -680,144 -12,721 1,027 0 0 74,139
3000.0 1.0 0,991 45 0.7 -170 0,18 0,92 0.3 1 60 -941,036 -117,783 1,09 3 1 57,955
2000.0 1.0 0,991 55 0.7 -170 0,16 0,9 0.3 1 60 -743,78 -12,248 1,146 0 0 71,075
4000.0 1.0 0,991 55 0.7 -130 0,18 0,92 0.3 1 60 -741,269 -12,054 1,118 0 0 75,692
2000.0 1.0 0,991 55 0.7 -170 0,2 0,94 0.3 1 60 -962,251 -139,207 1,065 4 2 67,491
4000.0 1.0 0,991 55 0.7 -170 0,2 0,9 0.3 1 60 -785,7 -13,914 1,169 0 0 73,078
4000.0 1.0 0,991 45 0.7 -130 0,18 0,9 0.3 1 60 -753,778 -12,248 1,143 0 0 63,85
4000.0 1.0 0,991 45 0.7 -130 0,2 0,92 0.3 1 60 -709,876 -13,721 1,098 0 0 62,033
3000.0 1.0 0,991 55 0.7 -130 0,2 0,92 0.3 1 60 -2343,657 -302,029 1,096 20 10 75,711
4000.0 1.0 0,991 55 0.7 -170 0,2 0,9 0.3 1 60 -787,685 -12,248 1,188 0 0 73,826
2000.0 1.0 0,991 45 0.7 -170 0,2 0,92 0.3 1 60 -782,906 -12,581 1,194 0 0 55,345
4000.0 1.0 0,991 55 0.7 -130 0,18 0,92 0.3 1 60 -662,558 -15,248 1,026 0 0 79,993
4000.0 1.0 0,991 55 0.7 -170 0,16 0,9 0.3 1 60 -928,394 -93,33 1,087 5 0 80,657
4000.0 1.0 0,991 55 0.7 -130 0,16 0,92 0.3 1 60 -773,142 -16,248 1,154 0 0 89,06
3000.0 1.0 0,991 55 0.7 -130 0,16 0,94 0.3 1 60 -1163,418 -256,48 1,019 5 3 89,353
3000.0 1.0 0,991 55 0.7 -150 0,2 0,92 0.3 1 60 -992,394 -164,074 1,012 6 1 82,162
4000.0 1.0 0,991 55 0.7 -170 0,2 0,9 0.3 1 60 -747,058 -13,914 1,109 0 0 72,191
3000.0 1.0 0,991 45 0.7 -170 0,2 0,94 0.3 1 60 -774,722 -21,835 1,125 1 0 67,841
4000.0 1.0 0,991 45 0.7 -130 0,18 0,92 0.3 1 60 -728,891 -15,914 1,126 0 0 122,404
2000.0 1.0 0,991 45 0.7 -170 0,18 0,92 0.3 1 60 -707,599 -12,248 1,089 0 0 111,65
4000.0 1.0 0,991 55 0.7 -130 0,18 0,92 0.3 1 60 -633,859 -7,798 0,98 0 0 148,11
4000.0 1.0 0,991 45 0.7 -130 0,18 0,92 0.3 1 60 -750,159 -12,721 1,121 0 0 104,513
3000.0 1.0 0,991 55 0.7 -170 0,16 0,9 0.3 1 60 -737,161 -14,914 1,124 0 0 96,211
4000.0 1.0 0,991 55 0.7 -170 0,18 0,9 0.3 1 60 -742,748 -14,334 1,117 0 0 95,79
4000.0 1.0 0,991 45 0.7 -130 0,18 0,92 0.3 1 60 -1075,774 -183,361 1,072 4 2 59,82
4000.0 1.0 0,991 45 0.7 -170 0,18 0,94 0.3 1 60 -737,884 -12,581 1,14 0 0 62,821
3000.0 1.0 0,991 45 0.7 -150 0,16 0,94 0.3 1 60 -2115,504 -333,812 1,125 15 10 63,372
4000.0 1.0 0,991 55 0.7 -130 0,18 0,94 0.3 1 60 -696,257 -16,334 1,051 0 0 76,177
3000.0 1.0 0,991 55 0.7 -130 0,2 0,92 0.3 1 60 -902,153 -71,103 1,146 3 0 74,913
3000.0 1.0 0,991 55 0.7 -150 0,16 0,92 0.3 1 60 -716,436 -13,248 1,105 0 0 75,233
4000.0 1.0 0,991 45 0.7 -170 0,18 0,94 0.3 1 60 -1740,625 -258,281 1,063 12 6 69,007