
4000.0 1.0 0,991 45 0.7 -130 0,18 0,9 0.3 1 60 -433,935 -7,025 0,817 0 0 44,768
4000.0 1.0 0,991 45 0.7 -130 0,18 0,94 0.3 1 60 -402,679 -6,316 0,799 0 0 41,432
3000.0 1.0 0,991 45 0.7 -130 0,16 0,92 0.3 1 60 -450,646 -6,281 0,862 0 0 40,443
2000.0 1.0 0,991 45 0.7 -170 0,18 0,9 0.3 1 60 -476,162 -7,324 0,907 0 0 36,822
3000.0 1.0 0,991 55 0.7 -170 0,16 0,9 0.3 1 60 -479,253 -9,366 0,902 0 0 43,853
3000.0 1.0 0,991 45 0.7 -170 0,16 0,9 0.3 1 60 -556,543 -20,747 0,953 1 0 40,488
3000.0 1.0 0,991 55 0.7 -130 0,2 0,94 0.3 1 60 -386,309 -6,721 0,766 0 0 49,328
4000.0 1.0 0,991 55 0.7 -90 0,16 0,92 0.3 1 60 -413,354 -7,246 0,805 0 0 49,619
4000.0 1.0 0,991 55 0.7 -90 0,2 0,94 0.3 1 60 -377,655 -6,024 0,747 0 0 51,038
2000.0 1.0 0,991 55 0.7 -130 0,18 0,92 0.3 1 60 -474,467 -7,249 0,89 0 0 44,528
2000.0 1.0 0,991 55 0.7 -170 0,16 0,9 0.3 1 60 -493,658 -7,149 0,926 0 0 51,676
3000.0 1.0 0,991 45 0.7 -170 0,16 0,92 0.3 1 60 -485,518 -6,746 0,912 0 0 40,13
3000.0 1.0 0,991 45 0.7 -130 0,16 0,9 0.3 1 60 -954,54 -225,834 0,945 4 3 41,837
2000.0 1.0 0,991 45 0.7 -170 0,2 0,92 0.3 1 60 -516,325 -8,15 0,966 0 0 35,441
2000.0 1.0 0,991 45 0.7 -90 0,18 0,9 0.3 1 60 -441,18 -6,513 0,856 0 0 37,347
3000.0 1.0 0,991 55 0.7 -130 0,2 0,94 0.3 1 60 -432,278 -5,557 0,831 0 0 44,007
3000.0 1.0 0,991 45 0.7 -130 0,16 0,92 0.3 1 60 -439,101 -8,021 0,839 0 0 37,976
2000.0 1.0 0,991 55 0.7 -90 0,2 0,94 0.3 1 60 -394,114 -5,65 0,768 0 0 46,566
3000.0 1.0 0,991 45 0.7 -170 0,16 0,9 0.3 1 60 -478,091 -9,468 0,912 0 0 36,915
3000.0 1.0 0,991 45 0.7 -90 0,16 0,9 0.3 1 60 -433,838 -8,313 0,815 0 0 41,187
3000.0 1.0 0,991 55 0.7 -90 0,2 0,94 0.3 1 60 -400,42 -6,761 0,787 0 0 48,791
4000.0 1.0 0,991 55 0.7 -170 0,2 0,9 0.3 1 60 -451,984 -8,614 0,878 0 0 44,476
3000.0 1.0 0,991 55 0.7 -90 0,18 0,92 0.3 1 60 -409,647 -6,532 0,81 0 0 50,073
2000.0 1.0 0,991 45 0.7 -170 0,16 0,9 0.3 1 60 -472,609 -8,561 0,896 0 0 37,577
4000.0 1.0 0,991 55 0.7 -90 0,18 0,94 0.3 1 60 -382,301 -6,875 0,757 0 0 50,788
2000.0 1.0 0,991 45 0.7 -170 0,2 0,9 0.3 1 60 -466,275 -8 0,859 0 0 43,075
3000.0 1.0 0,991 45 0.7 -170 0,18 0,9 0.3 1 60 -461,185 -8,696 0,884 0 0 41,145
3000.0 1.0 0,991 55 0.7 -170 0,2 0,92 0.3 1 60 -462,728 -7,021 0,853 0 0 46,599
2000.0 1.0 0,991 45 0.7 -90 0,18 0,92 0.3 1 60 -457,033 -7,151 0,869 0 0 38,731
4000.0 1.0 0,991 45 0.7 -130 0,2 0,9 0.3 1 60 -419,368 -8,143 0,819 0 0 38,937
3000.0 1.0 0,991 45 0.7 -170 0,18 0,92 0.3 1 60 -463,693 -9,704 0,869 0 0 42,209
3000.0 1.0 0,991 45 0.7 -170 0,16 0,94 0.3 1 60 -457,389 -7,642 0,885 0 0 45,608