
2000.0 2.0 0,992 60 0.7 -140 0,22 0,87 0.4 1 60 -711,816 -13,914 1,092 0 0 69,864
3000.0 1.0 0,992 50 0.7 -140 0,22 0,89 0.6 1 60 -712,166 -12,248 1,095 0 0 63,049
3000.0 1.0 0,992 70 0.7 -160 0,18 0,89 0.4 1 60 -677,68 -12,248 1,047 0 0 84,075
3000.0 1.0 0,992 60 0.7 -140 0,2 0,87 0.6 1 60 -729,001 -16,248 1,129 0 0 70,758
3000.0 1.0 0,992 50 0.7 -140 0,2 0,87 0.4 1 60 -709,935 -9,844 1,11 0 0 63,051
2000.0 1.0 0,992 70 0.7 -140 0,18 0,87 0.2 1 60 -739,126 -12,054 1,106 0 0 77,679
1000.0 1.0 0,992 70 0.7 -180 0,18 0,91 0.6 1 60 -708,522 -12,248 1,099 0 0 66,891
1000.0 5.0 0,992 50 0.7 -160 0,2 0,89 0.2 1 60 -1701,3 -222,155 1,089 12 4 53,249
1000.0 2.0 0,992 50 0.7 -160 0,2 0,87 0.2 1 60 -772,036 -15,947 1,127 1 0 51,036
1000.0 5.0 0,992 70 0.7 -160 0,2 0,89 0.6 1 60 -779,948 -15,248 1,18 0 0 65,378
1000.0 5.0 0,992 60 0.7 -160 0,18 0,87 0.2 1 60 -1257,555 -207,408 1,166 7 2 56,519
3000.0 5.0 0,992 70 0.7 -140 0,18 0,89 0.2 1 60 -749,159 -16,033 1,054 1 0 83,622
2000.0 2.0 0,992 50 0.7 -180 0,22 0,91 0.2 1 60 -722,895 -14,248 1,104 0 0 55,207
1000.0 1.0 0,992 70 0.7 -180 0,18 0,87 0.6 1 60 -704,321 -13,248 1,066 0 0 67,452
3000.0 2.0 0,992 70 0.7 -160 0,2 0,87 0.2 1 60 -733,224 -14,581 1,114 0 0 78,89
2000.0 5.0 0,992 60 0.7 -160 0,18 0,87 0.2 1 60 -729,323 -12,248 1,104 0 0 66,674
1000.0 5.0 0,992 60 0.7 -180 0,2 0,91 0.2 1 60 -1274,696 -252,015 1,071 6 1 60,847
1000.0 5.0 0,992 50 0.7 -140 0,2 0,87 0.6 1 60 -3118,542 -608,902 1,157 13 10 48,379
1000.0 2.0 0,992 70 0.7 -160 0,22 0,87 0.4 1 60 -787,526 -29,498 1,072 1 0 65,579
3000.0 2.0 0,992 50 0.7 -140 0,22 0,89 0.4 1 60 -732,381 -13,248 1,111 0 0 61,28
1000.0 5.0 0,992 60 0.7 -140 0,2 0,87 0.6 1 60 -688,32 -12,387 1,068 0 0 57,693
3000.0 1.0 0,992 70 0.7 -140 0,22 0,89 0.6 1 60 -672,592 -12,281 1,064 0 0 81,358
2000.0 5.0 0,992 50 0.7 -140 0,18 0,91 0.6 1 60 -1151,411 -234,873 1,061 4 1 57,55
3000.0 1.0 0,992 60 0.7 -140 0,2 0,91 0.6 1 60 -688,106 -12,914 1,036 0 0 72,141
3000.0 1.0 0,992 50 0.7 -160 0,2 0,89 0.6 1 60 -726,364 -13,387 1,105 0 0 59,738
2000.0 5.0 0,992 60 0.7 -160 0,2 0,89 0.2 1 60 -721,523 -12,248 1,105 0 0 63,736
2000.0 2.0 0,992 70 0.7 -140 0,2 0,91 0.2 1 60 -651,503 -12,581 1,009 0 0 76,827
2000.0 2.0 0,992 70 0.7 -180 0,18 0,89 0.4 1 60 -697,641 -12,581 1,052 0 0 72,705
2000.0 2.0 0,992 70 0.7 -140 0,18 0,89 0.6 1 60 -712,222 -14,581 1,095 0 0 74,188
1000.0 2.0 0,992 50 0.7 -140 0,22 0,91 0.2 1 60 -1581,904 -232,303 1,09 8 3 51,882
2000.0 1.0 0,992 50 0.7 -180 0,18 0,87 0.6 1 60 -763,391 -14,581 1,163 0 0 56,441
2000.0 1.0 0,992 70 0.7 -140 0,18 0,87 0.2 1 60 -685,863 -12,248 1,042 0 0 75,332
3000.0 1.0 0,992 70 0.7 -140 0,2 0,89 0.6 1 60 -684,738 -13,581 1,038 0 0 81,826
2000.0 1.0 0,992 70 0.7 -140 0,2 0,87 0.4 1 60 -776,402 -36,548 1,102 1 0 76,765
2000.0 2.0 0,992 70 0.7 -140 0,18 0,87 0.6 1 60 -1191,414 -243,821 1,048 4 1 75,496
2000.0 1.0 0,992 60 0.7 -140 0,18 0,91 0.2 1 60 -694,57 -11,844 1,03 0 0 69,781
1000.0 5.0 0,992 50 0.7 -160 0,22 0,87 0.4 1 60 -735,05 -13,581 1,13 0 0 50,427
3000.0 2.0 0,992 70 0.7 -140 0,22 0,91 0.6 1 60 -664,123 -12,914 1,018 0 0 79,904
1000.0 1.0 0,992 70 0.7 -180 0,18 0,87 0.4 1 60 -715,994 -12,054 1,085 0 0 64,736
3000.0 2.0 0,992 60 0.7 -180 0,22 0,91 0.6 1 60 -682,497 -13,581 1,045 0 0 69,281
3000.0 5.0 0,992 70 0.7 -140 0,18 0,89 0.2 1 60 -773,134 -24,536 1,095 1 0 79,412
2000.0 2.0 0,992 50 0.7 -180 0,18 0,87 0.2 1 60 -841,988 -23,521 1,177 1 0 60
2000.0 1.0 0,992 50 0.7 -140 0,22 0,89 0.6 1 60 -762,623 -10,914 1,167 0 0 57,721
3000.0 2.0 0,992 60 0.7 -140 0,2 0,89 0.6 1 60 -763,512 -12,581 1,169 0 0 71,094
3000.0 1.0 0,992 60 0.7 -140 0,18 0,87 0.2 1 60 -663,159 -12,914 1 0 0 67,033
1000.0 1.0 0,992 60 0.7 -180 0,18 0,91 0.6 1 60 -770,415 -13,248 1,176 0 0 60,799
1000.0 2.0 0,992 60 0.7 -140 0,18 0,91 0.2 1 60 -2433,28 -480,324 1,081 17 4 63,096
1000.0 2.0 0,992 50 0.7 -160 0,2 0,91 0.6 1 60 -708,493 -12,248 1,069 0 0 52,177
2000.0 5.0 0,992 50 0.7 -180 0,22 0,89 0.2 1 60 -2445,419 -526,744 1,107 17 6 54,395
1000.0 2.0 0,992 60 0.7 -180 0,2 0,89 0.6 1 60 -738,012 -12,248 1,125 0 0 55,785
2000.0 2.0 0,992 50 0.7 -180 0,18 0,87 0.4 1 60 -766,798 -16,248 1,185 0 0 55,379
3000.0 2.0 0,992 50 0.7 -180 0,18 0,87 0.4 1 60 -696,876 -13,248 1,058 0 0 59,847
2000.0 5.0 0,992 60 0.7 -140 0,22 0,87 0.2 1 60 -706,226 -12,914 1,068 0 0 64,97
1000.0 1.0 0,992 70 0.7 -160 0,22 0,89 0.6 1 60 -686,523 -14,248 1,02 0 0 61,518
3000.0 5.0 0,992 50 0.7 -160 0,18 0,91 0.4 1 60 -764,803 -57,525 1,002 2 0 64,424
3000.0 1.0 0,992 60 0.7 -140 0,22 0,87 0.6 1 60 -762,132 -12,248 1,128 0 0 68,894
2000.0 2.0 0,992 60 0.7 -180 0,2 0,89 0.4 1 60 -731,582 -13,914 1,097 0 0 64,595
2000.0 5.0 0,992 70 0.7 -140 0,18 0,89 0.2 1 60 -678,911 -13,581 1,042 0 0 74,906
1000.0 5.0 0,992 50 0.7 -160 0,18 0,89 0.4 1 60 -1540,589 -388,866 1,003 7 3 49,6
3000.0 5.0 0,992 60 0.7 -160 0,22 0,91 0.6 1 60 -3514,773 -637,306 1,097 18 9 72,161
3000.0 5.0 0,992 70 0.7 -180 0,22 0,87 0.6 1 60 -688,916 -13,914 1,044 0 0 75,688
1000.0 2.0 0,992 50 0.7 -160 0,18 0,91 0.2 1 60 -1005,16 -91,37 1,152 8 0 53,41
1000.0 1.0 0,992 50 0.7 -140 0,18 0,91 0.4 1 60 -748,165 -13,248 1,104 0 0 53,505
2000.0 2.0 0,992 70 0.7 -180 0,22 0,91 0.2 1 60 -746,156 -13,682 1,088 1 0 71,896
2000.0 1.0 0,992 70 0.7 -180 0,2 0,89 0.2 1 60 -683,634 -17,486 1,008 1 0 71,299
3000.0 5.0 0,992 70 0.7 -180 0,2 0,87 0.2 1 60 -801,663 -16,901 1,158 2 0 73,923
3000.0 2.0 0,992 50 0.7 -180 0,18 0,87 0.2 1 60 -743,385 -12,248 1,13 0 0 61,081
1000.0 5.0 0,992 50 0.7 -140 0,2 0,91 0.6 1 60 -888,519 -93,842 1,074 2 0 51,504
2000.0 1.0 0,992 50 0.7 -140 0,22 0,89 0.4 1 60 -764,791 -33,524 1,091 1 0 59,117
2000.0 5.0 0,992 70 0.7 -160 0,2 0,91 0.6 1 60 -718,6 -13,914 1,097 0 0 74,594
2000.0 1.0 0,992 50 0.7 -160 0,2 0,89 0.2 1 60 -770,709 -20,082 1,079 2 0 58,469
1000.0 2.0 0,992 70 0.7 -160 0,18 0,91 0.4 1 60 -1232,305 -233,297 1,096 5 1 68,518
3000.0 1.0 0,992 50 0.7 -160 0,2 0,89 0.4 1 60 -814,434 -29,138 1,123 1 0 62,331
1000.0 2.0 0,992 50 0.7 -160 0,18 0,87 0.4 1 60 -920,277 -96,038 1,13 3 0 51,069
1000.0 2.0 0,992 60 0.7 -160 0,22 0,87 0.4 1 60 -2733,939 -640,277 1,079 17 7 58,191
2000.0 2.0 0,992 60 0.7 -180 0,18 0,91 0.6 1 60 -705,812 -13,581 1,094 0 0 64,127
3000.0 1.0 0,992 50 0.7 -180 0,18 0,87 0.6 1 60 -789,238 -46,588 1,083 1 0 59,706
1000.0 5.0 0,992 60 0.7 -180 0,18 0,89 0.6 1 60 -1220,448 -229,264 1,156 2 2 58,849
2000.0 2.0 0,992 60 0.7 -160 0,22 0,89 0.4 1 60 -688,643 -12,581 1,046 0 0 64,549
2000.0 1.0 0,992 60 0.7 -140 0,22 0,89 0.4 1 60 -760,961 -12,581 1,163 0 0 66,876
3000.0 1.0 0,992 70 0.7 -180 0,2 0,91 0.4 1 60 -759,035 -31,652 1,056 1 0 80,234
2000.0 2.0 0,992 60 0.7 -140 0,18 0,87 0.6 1 60 -711,822 -12,581 1,061 0 0 66,579
3000.0 2.0 0,992 50 0.7 -140 0,22 0,87 0.2 1 60 -688,551 -14,334 1,069 0 0 57,877
3000.0 5.0 0,992 70 0.7 -140 0,18 0,87 0.6 1 60 -779,416 -43,314 1,08 1 0 78,374
3000.0 5.0 0,992 70 0.7 -180 0,2 0,91 0.4 1 60 -811,478 -31,574 1,044 2 0 78,673
1000.0 5.0 0,992 50 0.7 -180 0,18 0,87 0.4 1 60 -713,185 -12,248 1,106 0 0 50,068
1000.0 1.0 0,992 70 0.7 -140 0,22 0,91 0.4 1 60 -665,048 -12,248 1,025 0 0 66,923
1000.0 2.0 0,992 50 0.7 -140 0,18 0,91 0.6 1 60 -761,273 -13,248 1,148 0 0 54,379
1000.0 1.0 0,992 60 0.7 -180 0,2 0,87 0.6 1 60 -745,634 -14,581 1,124 0 0 64,914
1000.0 5.0 0,992 50 0.7 -180 0,22 0,87 0.4 1 60 -779,149 -27,99 1,097 1 0 63,506
3000.0 5.0 0,992 60 0.7 -180 0,2 0,91 0.4 1 60 -2125,005 -426,902 1,104 9 6 88,665
1000.0 2.0 0,992 60 0.7 -140 0,18 0,89 0.6 1 60 -696,268 -12,248 1,051 0 0 73,354
1000.0 2.0 0,992 60 0.7 -140 0,18 0,91 0.2 1 60 -694,18 -13,581 1,074 0 0 74,67
3000.0 2.0 0,992 50 0.7 -180 0,2 0,87 0.6 1 60 -732,99 -12,914 1,112 0 0 70,554
2000.0 5.0 0,992 70 0.7 -160 0,2 0,89 0.6 1 60 -739,399 -15,387 1,128 0 0 87,4
3000.0 2.0 0,992 70 0.7 -160 0,2 0,91 0.4 1 60 -741,191 -12,248 1,121 0 0 89,752
2000.0 2.0 0,992 50 0.7 -140 0,18 0,91 0.6 1 60 -696,163 -14,248 1,066 0 0 96,699
2000.0 2.0 0,992 70 0.7 -160 0,2 0,87 0.2 1 60 -668,863 -12,581 1,028 0 0 133,579
3000.0 5.0 0,992 50 0.7 -160 0,18 0,91 0.4 1 60 -2222,485 -302,82 1,029 15 4 123,75
3000.0 2.0 0,992 50 0.7 -160 0,18 0,89 0.4 1 60 -674,076 -13,51 1,016 0 0 113,07
3000.0 2.0 0,992 50 0.7 -140 0,2 0,91 0.6 1 60 -742,563 -14,248 1,121 0 0 114,73
1000.0 5.0 0,992 70 0.7 -160 0,22 0,87 0.2 1 60 -721,832 -16,683 1,084 0 1 111,88
3000.0 2.0 0,992 70 0.7 -180 0,22 0,89 0.4 1 60 -727,227 -13,581 1,096 0 0 131,97
1000.0 5.0 0,992 60 0.7 -160 0,2 0,89 0.6 1 60 -3186,898 -376,901 1,126 16 8 96,826
1000.0 2.0 0,992 60 0.7 -180 0,18 0,89 0.4 1 60 -752,241 -16,248 1,133 0 0 89,705
2000.0 5.0 0,992 50 0.7 -180 0,22 0,87 0.4 1 60 -1182,706 -224,963 1,124 2 2 90,903
2000.0 5.0 0,992 60 0.7 -160 0,18 0,91 0.6 1 60 -722,559 -13,581 1,065 0 0 113,021
2000.0 2.0 0,992 70 0.7 -140 0,22 0,91 0.2 1 60 -721,623 -12,248 1,099 0 0 120,055
1000.0 2.0 0,992 60 0.7 -160 0,18 0,89 0.4 1 60 -729,786 -12,581 1,127 0 0 92,785
2000.0 5.0 0,992 50 0.7 -160 0,18 0,89 0.6 1 60 -1358,796 -198,163 1,092 7 0 88,17
2000.0 2.0 0,992 60 0.7 -160 0,22 0,87 0.6 1 60 -680,34 -12,581 1,066 0 0 81,046
3000.0 5.0 0,992 70 0.7 -160 0,22 0,91 0.4 1 60 -1134,289 -214,491 1,075 2 2 104,74
3000.0 5.0 0,992 60 0.7 -180 0,22 0,91 0.6 1 60 -723,295 -12,248 1,105 0 0 87,975
2000.0 2.0 0,992 60 0.7 -160 0,18 0,87 0.2 1 60 -808,253 -16,324 1,184 1 0 86,125
3000.0 1.0 0,992 70 0.7 -160 0,22 0,87 0.2 1 60 -713,662 -12,581 1,084 0 0 105,306
2000.0 2.0 0,992 70 0.7 -180 0,22 0,91 0.2 1 60 -735,14 -12,914 1,125 0 0 111,767
3000.0 5.0 0,992 50 0.7 -160 0,2 0,91 0.6 1 60 -1319,048 -184,815 1,105 3 2 92,731
3000.0 1.0 0,992 60 0.7 -140 0,18 0,91 0.6 1 60 -678,232 -12,248 1,023 0 0 102,23
2000.0 1.0 0,992 70 0.7 -160 0,22 0,87 0.6 1 60 -687,997 -12,581 1,047 0 0 102,33
2000.0 5.0 0,992 60 0.7 -160 0,22 0,87 0.6 1 60 -705,991 -12,914 1,083 0 0 85,68
3000.0 2.0 0,992 70 0.7 -140 0,2 0,91 0.4 1 60 -719,521 -31,471 1,031 1 0 113,895
1000.0 2.0 0,992 70 0.7 -160 0,2 0,87 0.6 1 60 -682,986 -15,914 1,056 0 0 91,97
1000.0 5.0 0,992 60 0.7 -140 0,22 0,87 0.2 1 60 -734,954 -15,974 1,095 1 0 84,3
1000.0 5.0 0,992 50 0.7 -180 0,2 0,91 0.6 1 60 -3067,485 -550,101 1,144 17 7 75,108
1000.0 2.0 0,992 70 0.7 -160 0,18 0,91 0.2 1 60 -729,234 -14,721 1,096 0 0 155,594
2000.0 2.0 0,992 50 0.7 -160 0,18 0,87 0.6 1 60 -699,888 -12,914 1,097 0 0 152,819
3000.0 5.0 0,992 50 0.7 -160 0,2 0,89 0.2 1 60 -1858,286 -290,866 1,06 12 4 163,948
1000.0 1.0 0,992 50 0.7 -160 0,22 0,91 0.4 1 60 -679,32 -12,248 1,039 0 0 132,059
2000.0 1.0 0,992 70 0.7 -140 0,2 0,89 0.6 1 60 -770,55 -13,914 1,165 0 0 217,998
1000.0 5.0 0,992 70 0.7 -160 0,18 0,87 0.2 1 60 -696,716 -15,581 1,078 0 0 169,645
2000.0 2.0 0,992 70 0.7 -180 0,18 0,87 0.2 1 60 -744,138 -20,059 1,084 1 0 198,468
2000.0 2.0 0,992 50 0.7 -140 0,22 0,87 0.6 1 60 -727,228 -14,581 1,109 0 0 100,375
2000.0 1.0 0,992 50 0.7 -160 0,2 0,87 0.2 1 60 -809,829 -19,394 1,182 1 0 69,552
3000.0 2.0 0,992 50 0.7 -160 0,22 0,89 0.2 1 60 -785,986 -22,776 1,12 1 0 64,091
3000.0 2.0 0,992 50 0.7 -140 0,2 0,89 0.6 1 60 -2421,037 -405,263 1,167 13 5 66,071
3000.0 1.0 0,992 60 0.7 -180 0,22 0,91 0.4 1 60 -734,548 -12,248 1,123 0 0 70,453
1000.0 5.0 0,992 60 0.7 -140 0,18 0,89 0.2 1 60 -741,367 -13,914 1,138 0 0 59,798
1000.0 1.0 0,992 70 0.7 -140 0,18 0,89 0.6 1 60 -662,397 -16,248 1,044 0 0 66,931
3000.0 5.0 0,992 60 0.7 -140 0,2 0,91 0.2 1 60 -2306,614 -264,421 1,024 15 7 73,622
3000.0 1.0 0,992 50 0.7 -160 0,18 0,89 0.2 1 60 -667,226 -12,248 1,035 0 0 58,88
1000.0 1.0 0,992 70 0.7 -140 0,22 0,91 0.2 1 60 -781,4 -12,387 1,181 0 0 67,287
1000.0 2.0 0,992 50 0.7 -180 0,22 0,89 0.4 1 60 -1389,696 -247,609 1,138 7 1 51,811
1000.0 5.0 0,992 50 0.7 -180 0,18 0,91 0.4 1 60 -1306,361 -223,168 1,178 5 1 52,891
1000.0 2.0 0,992 70 0.7 -180 0,2 0,87 0.2 1 60 -729,504 -12,248 1,074 0 0 70,504
3000.0 5.0 0,992 50 0.7 -140 0,22 0,91 0.2 1 60 -969,27 -132,681 1,056 4 1 59,815
1000.0 2.0 0,992 60 0.7 -180 0,22 0,87 0.2 1 60 -790,233 -17,864 1,187 1 0 57,659
1000.0 2.0 0,992 70 0.7 -160 0,2 0,87 0.6 1 60 -791,862 -13,581 1,191 0 0 64,473
2000.0 5.0 0,992 50 0.7 -160 0,18 0,91 0.2 1 60 -720,844 -14,248 1,102 0 0 56,738
1000.0 5.0 0,992 50 0.7 -140 0,18 0,87 0.2 1 60 -3892,123 -399,864 1,17 25 15 55,332
3000.0 2.0 0,992 70 0.7 -160 0,22 0,89 0.4 1 60 -800,413 -30,937 1,127 1 0 81,389
1000.0 2.0 0,992 70 0.7 -140 0,2 0,89 0.6 1 60 -713,86 -9,51 1,066 0 0 65,095
3000.0 5.0 0,992 70 0.7 -180 0,2 0,89 0.6 1 60 -696,173 -13,581 1,08 0 0 78,109
1000.0 2.0 0,992 60 0.7 -180 0,18 0,87 0.4 1 60 -721,107 -9,721 1,115 0 0 56,66
1000.0 2.0 0,992 70 0.7 -140 0,18 0,89 0.6 1 60 -713,12 -13,914 1,072 0 0 69,092
1000.0 5.0 0,992 60 0.7 -180 0,2 0,87 0.4 1 60 -1007,297 -126,24 1,162 2 1 55,801
3000.0 5.0 0,992 50 0.7 -140 0,2 0,91 0.6 1 60 -1728,68 -387,785 1,119 6 4 61,33
2000.0 5.0 0,992 60 0.7 -140 0,18 0,89 0.2 1 60 -1128,52 -152,751 0,995 6 2 68,141
3000.0 5.0 0,992 50 0.7 -180 0,18 0,89 0.4 1 60 -2295,851 -374,321 1,09 13 7 62,363
2000.0 2.0 0,992 50 0.7 -180 0,2 0,87 0.4 1 60 -774,378 -12,581 1,151 0 0 57,269
3000.0 1.0 0,992 70 0.7 -180 0,2 0,89 0.6 1 60 -749,342 -14,581 1,123 0 0 80,155
2000.0 2.0 0,992 60 0.7 -160 0,18 0,89 0.6 1 60 -697,281 -13,914 1,081 0 0 67,376
2000.0 1.0 0,992 50 0.7 -180 0,2 0,87 0.2 1 60 -791,945 -17,99 1,156 1 0 57,691
3000.0 2.0 0,992 70 0.7 -160 0,18 0,89 0.6 1 60 -712,107 -12,248 1,102 0 0 79,517
3000.0 1.0 0,992 60 0.7 -140 0,18 0,87 0.4 1 60 -685,935 -12,581 1,035 0 0 69,595
1000.0 2.0 0,992 50 0.7 -140 0,18 0,91 0.2 1 60 -780,18 -12,581 1,19 0 0 53,738
1000.0 1.0 0,992 70 0.7 -140 0,22 0,91 0.4 1 60 -735,659 -9,054 1,132 0 0 68,204
3000.0 2.0 0,992 50 0.7 -180 0,18 0,87 0.2 1 60 -823,274 -23,614 1,064 3 1 59,441
3000.0 5.0 0,992 60 0.7 -180 0,22 0,89 0.2 1 60 -1042,536 -143,231 1,158 5 1 70,875
1000.0 5.0 0,992 60 0.7 -180 0,22 0,87 0.2 1 60 -836,301 -77,398 1,032 3 0 54,553
3000.0 2.0 0,992 60 0.7 -180 0,22 0,89 0.4 1 60 -824,693 -28,578 1,153 1 0 70,578
1000.0 5.0 0,992 50 0.7 -180 0,18 0,91 0.2 1 60 -775,692 -14,667 1,175 0 0 52,023
3000.0 1.0 0,992 60 0.7 -180 0,18 0,87 0.4 1 60 -751,063 -16,248 1,142 0 0 68,579
1000.0 2.0 0,992 60 0.7 -160 0,2 0,89 0.6 1 60 -774,756 -13,914 1,138 0 0 56,775
3000.0 1.0 0,992 60 0.7 -140 0,22 0,87 0.2 1 60 -710,944 -26,513 1,026 1 0 69,157
2000.0 5.0 0,992 70 0.7 -180 0,22 0,87 0.4 1 60 -739,881 -27,025 1,058 1 0 70,391
1000.0 1.0 0,992 60 0.7 -140 0,18 0,89 0.6 1 60 -737,129 -14,581 1,142 0 0 59,769
3000.0 1.0 0,992 50 0.7 -160 0,22 0,87 0.4 1 60 -746,577 -8,105 1,14 0 0 60,175
3000.0 2.0 0,992 50 0.7 -140 0,18 0,87 0.4 1 60 -1403,119 -249,8 1,128 5 2 63,987
1000.0 5.0 0,992 70 0.7 -180 0,2 0,91 0.6 1 60 -602,052 -14,581 0,934 0 0 60,612
2000.0 5.0 0,992 60 0.7 -180 0,18 0,87 0.2 1 60 -828,003 -13,581 1,237 0 0 64,737
3000.0 1.0 0,992 50 0.7 -140 0,18 0,89 0.6 1 60 -761,597 -12,581 1,16 0 0 63,021
2000.0 2.0 0,992 70 0.7 -160 0,22 0,89 0.2 1 60 -730,93 -21,183 1,032 2 0 74,343
1000.0 2.0 0,992 50 0.7 -180 0,18 0,89 0.2 1 60 -760,068 -21,866 1,038 2 0 52,848
1000.0 2.0 0,992 70 0.7 -180 0,2 0,87 0.2 1 60 -843,633 -20,101 1,234 1 0 65,361
1000.0 5.0 0,992 50 0.7 -140 0,2 0,87 0.6 1 60 -938,748 -51,938 1,126 2 0 50,192
1000.0 5.0 0,992 70 0.7 -160 0,2 0,87 0.6 1 60 -750,763 -14,334 1,097 0 0 66,173
3000.0 2.0 0,992 50 0.7 -140 0,18 0,87 0.6 1 60 -1077,44 -180,965 1,115 3 1 62,861
3000.0 5.0 0,992 70 0.7 -180 0,22 0,87 0.4 1 60 -649,656 -12,914 0,991 0 0 73,89
1000.0 2.0 0,992 50 0.7 -180 0,2 0,89 0.2 1 60 -776,666 -21,059 1,078 2 0 49,864
2000.0 5.0 0,992 60 0.7 -180 0,22 0,89 0.2 1 60 -757,278 -23,511 1,077 1 0 62,565
2000.0 1.0 0,992 50 0.7 -160 0,2 0,91 0.2 1 60 -770,174 -10,248 1,181 0 0 57,722
2000.0 1.0 0,992 70 0.7 -160 0,18 0,87 0.2 1 60 -689,262 -12,248 1,064 0 0 75,796
3000.0 2.0 0,992 60 0.7 -180 0,2 0,87 0.2 1 60 -713,11 -12,387 1,096 0 0 68,723
3000.0 1.0 0,992 60 0.7 -160 0,22 0,91 0.4 1 60 -724,658 -12,248 1,087 0 0 69,782
1000.0 5.0 0,992 70 0.7 -140 0,22 0,87 0.2 1 60 -2338,334 -369,769 1,098 15 9 65,537
2000.0 2.0 0,992 50 0.7 -140 0,18 0,89 0.6 1 60 -754,684 -13,177 1,151 0 0 59,317
2000.0 2.0 0,992 70 0.7 -180 0,18 0,89 0.6 1 60 -724,973 -13,248 1,096 0 0 71,767
3000.0 2.0 0,992 60 0.7 -160 0,22 0,91 0.2 1 60 -699,306 -18,27 1,029 1 0 69,678
3000.0 1.0 0,992 60 0.7 -180 0,2 0,91 0.4 1 60 -702,004 -14,914 1,092 0 0 70,766
2000.0 2.0 0,992 70 0.7 -180 0,2 0,91 0.2 1 60 -713,545 -13,914 1,084 0 0 72,156
3000.0 1.0 0,992 70 0.7 -160 0,18 0,87 0.6 1 60 -696,574 -14 1,066 0 0 78,937
3000.0 1.0 0,992 70 0.7 -160 0,22 0,87 0.2 1 60 -784,484 -19,652 1,13 1 0 78,373
1000.0 1.0 0,992 70 0.7 -180 0,18 0,91 0.6 1 60 -695,359 -14,581 1,052 0 0 65,533
1000.0 5.0 0,992 50 0.7 -180 0,22 0,87 0.4 1 60 -1001,856 -132,43 1,1 3 1 50,974
2000.0 2.0 0,992 50 0.7 -180 0,18 0,87 0.2 1 60 -760,253 -15,742 1,08 1 0 59,097
3000.0 5.0 0,992 50 0.7 -140 0,22 0,91 0.4 1 60 -2115,186 -468,055 1,101 12 4 65,192
2000.0 2.0 0,992 50 0.7 -160 0,22 0,89 0.6 1 60 -773,628 -12,248 1,159 0 0 54,535
3000.0 1.0 0,992 50 0.7 -140 0,2 0,87 0.4 1 60 -1138,122 -220,504 1,067 2 2 62,143
3000.0 1.0 0,992 70 0.7 -160 0,22 0,87 0.4 1 60 -723,422 -13,948 1,075 0 0 79,185
2000.0 2.0 0,992 60 0.7 -140 0,18 0,91 0.2 1 60 -659,62 -14,581 1,012 0 0 67,86
1000.0 2.0 0,992 60 0.7 -160 0,18 0,91 0.4 1 60 -699,325 -13,581 1,076 0 0 62,424
2000.0 5.0 0,992 70 0.7 -180 0,18 0,87 0.6 1 60 -746,098 -12,581 1,129 0 0 74,428
2000.0 1.0 0,992 70 0.7 -180 0,22 0,91 0.6 1 60 -637,161 -13,581 0,975 0 0 73,187
3000.0 1.0 0,992 60 0.7 -180 0,18 0,87 0.4 1 60 -693,23 -12,248 1,058 0 0 73,765
2000.0 5.0 0,992 50 0.7 -160 0,22 0,89 0.2 1 60 -759,97 -13,914 1,139 1 0 56,427
2000.0 5.0 0,992 70 0.7 -140 0,22 0,87 0.6 1 60 -691,965 -12,914 1,055 0 0 72,922
3000.0 2.0 0,992 60 0.7 -180 0,18 0,91 0.2 1 60 -697,124 -14,817 1,042 1 0 71,625
3000.0 5.0 0,992 50 0.7 -180 0,22 0,91 0.6 1 60 -755,715 -14,248 1,16 0 0 58,159
3000.0 1.0 0,992 70 0.7 -180 0,18 0,87 0.2 1 60 -724,699 -12,581 1,129 0 0 78,296
2000.0 1.0 0,992 70 0.7 -140 0,2 0,87 0.4 1 60 -698,997 -12,581 1,092 0 0 75,187
1000.0 5.0 0,992 60 0.7 -160 0,22 0,89 0.6 1 60 -738,086 -12,914 1,095 0 0 58,508
2000.0 1.0 0,992 70 0.7 -160 0,22 0,91 0.2 1 60 -675,48 -18,087 0,998 1 0 75,484
2000.0 5.0 0,992 50 0.7 -180 0,2 0,89 0.4 1 60 -740,243 -31,563 1,03 1 0 56,754
1000.0 5.0 0,992 70 0.7 -180 0,2 0,87 0.2 1 60 -770,756 -17,565 1,098 1 0 63,361
1000.0 2.0 0,992 70 0.7 -160 0,2 0,87 0.4 1 60 -742,463 -25,244 1,043 1 0 64,222
3000.0 2.0 0,992 60 0.7 -160 0,22 0,87 0.6 1 60 -801,176 -41,273 1,107 1 0 68,282
2000.0 5.0 0,992 50 0.7 -180 0,22 0,89 0.4 1 60 -2136,381 -443,312 1,149 13 4 57,144
3000.0 2.0 0,992 70 0.7 -140 0,18 0,89 0.2 1 60 -686,009 -16,626 1,043 1 0 78,437
3000.0 5.0 0,992 70 0.7 -160 0,18 0,89 0.6 1 60 -1465,428 -367,494 1,121 4 3 80,565
3000.0 1.0 0,992 50 0.7 -180 0,2 0,87 0.6 1 60 -716,258 -14,248 1,095 0 0 59,754
1000.0 1.0 0,992 70 0.7 -160 0,22 0,89 0.6 1 60 -749,44 -15,914 1,115 0 0 65,986
1000.0 1.0 0,992 70 0.7 -180 0,18 0,87 0.2 1 60 -719,255 -12,248 1,091 0 0 67,08
3000.0 5.0 0,992 50 0.7 -140 0,2 0,87 0.2 1 60 -746,602 -13,914 1,121 0 0 61,721
3000.0 2.0 0,992 70 0.7 -180 0,18 0,87 0.6 1 60 -719,874 -13,248 1,077 0 0 75,673
1000.0 1.0 0,992 70 0.7 -140 0,2 0,91 0.6 1 60 -752,607 -13,248 1,14 0 0 70,098
2000.0 5.0 0,992 60 0.7 -180 0,22 0,87 0.6 1 60 -717,887 -15,914 1,106 0 0 62,116
2000.0 2.0 0,992 50 0.7 -140 0,2 0,91 0.4 1 60 -716,287 -8,622 1,091 0 0 61,097
2000.0 5.0 0,992 60 0.7 -160 0,22 0,89 0.6 1 60 -1411,648 -252,046 1,208 5 1 68,534
1000.0 5.0 0,992 60 0.7 -160 0,18 0,87 0.6 1 60 -685,004 -7,464 1,024 0 0 59,129
2000.0 2.0 0,992 50 0.7 -180 0,22 0,89 0.6 1 60 -720,558 -14,581 1,086 0 0 57,13
2000.0 2.0 0,992 50 0.7 -140 0,18 0,91 0.6 1 60 -3721,774 -489,462 1,089 21 9 64,488
1000.0 5.0 0,992 60 0.7 -180 0,2 0,91 0.6 1 60 -939,043 -86,518 1,156 2 0 56,942
3000.0 1.0 0,992 60 0.7 -180 0,2 0,91 0.6 1 60 -772,341 -13,914 1,172 0 0 71,501
3000.0 1.0 0,992 50 0.7 -160 0,2 0,87 0.6 1 60 -765,563 -12,248 1,118 0 0 60,566
3000.0 5.0 0,992 60 0.7 -140 0,22 0,89 0.2 1 60 -693,848 -12,581 1,064 0 0 68,411
1000.0 5.0 0,992 60 0.7 -140 0,18 0,89 0.6 1 60 -1404,97 -249,951 1,1 6 1 62,27
3000.0 1.0 0,992 70 0.7 -160 0,2 0,87 0.2 1 60 -711,463 -12,581 1,087 0 0 79,5
1000.0 2.0 0,992 50 0.7 -140 0,2 0,89 0.4 1 60 -1726,547 -313,116 1,184 7 3 54,614
2000.0 2.0 0,992 70 0.7 -140 0,18 0,87 0.6 1 60 -729,262 -13,248 1,104 0 0 74,283
3000.0 2.0 0,992 60 0.7 -140 0,18 0,89 0.6 1 60 -683,74 -11,914 1,042 0 0 70,783
2000.0 5.0 0,992 70 0.7 -180 0,2 0,91 0.2 1 60 -793,06 -35,717 1,105 1 1 72,48
2000.0 5.0 0,992 60 0.7 -160 0,2 0,89 0.2 1 60 -765,355 -12,581 1,165 0 0 66,582
2000.0 2.0 0,992 60 0.7 -140 0,22 0,87 0.2 1 60 -693,077 -12,248 1,06 0 0 65,6
1000.0 5.0 0,992 60 0.7 -140 0,18 0,89 0.4 1 60 -2002,458 -461,028 1,035 11 5 60,894
2000.0 1.0 0,992 50 0.7 -160 0,22 0,89 0.2 1 60 -760,697 -15,65 1,112 0 1 58,504
2000.0 5.0 0,992 70 0.7 -160 0,22 0,91 0.6 1 60 -744,61 -12,248 1,127 0 0 74,376
2000.0 5.0 0,992 70 0.7 -160 0,18 0,87 0.2 1 60 -723,714 -17,952 1,084 1 0 75,08
2000.0 1.0 0,992 70 0.7 -160 0,18 0,91 0.2 1 60 -725,723 -17,99 1,052 1 0 76,985
2000.0 2.0 0,992 50 0.7 -160 0,18 0,89 0.6 1 60 -733,265 -13,248 1,148 0 0 55,598
1000.0 1.0 0,992 50 0.7 -160 0,22 0,89 0.4 1 60 -755,236 -12,914 1,167 0 0 51,227
1000.0 5.0 0,992 60 0.7 -180 0,2 0,89 0.6 1 60 -751,929 -13,248 1,122 0 0 56,755
2000.0 5.0 0,992 70 0.7 -140 0,22 0,89 0.4 1 60 -633,644 -12,248 0,97 0 0 71,736
2000.0 1.0 0,992 70 0.7 -160 0,22 0,87 0.2 1 60 -720,997 -12,248 1,088 0 0 74,345
3000.0 1.0 0,992 70 0.7 -160 0,18 0,89 0.2 1 60 -729,814 -19,282 1,045 1 0 80,8
1000.0 2.0 0,992 50 0.7 -160 0,22 0,91 0.2 1 60 -692,229 -16,353 1,021 1 0 51,349
3000.0 1.0 0,992 50 0.7 -180 0,22 0,87 0.6 1 60 -756,585 -16,248 1,181 0 0 57,381
1000.0 5.0 0,992 60 0.7 -140 0,18 0,87 0.6 1 60 -1412,075 -325,618 1,145 4 2 61,113
3000.0 1.0 0,992 50 0.7 -180 0,18 0,91 0.2 1 60 -718,025 -13,581 1,127 0 0 61,958
2000.0 1.0 0,992 70 0.7 -160 0,22 0,91 0.4 1 60 -671,036 -9,721 0,982 0 0 74,222
2000.0 1.0 0,992 50 0.7 -160 0,22 0,91 0.2 1 60 -701,579 -12,914 1,063 0 0 56,864
1000.0 1.0 0,992 50 0.7 -160 0,18 0,89 0.6 1 60 -727,499 -13,248 1,108 0 0 52,723
3000.0 5.0 0,992 60 0.7 -160 0,2 0,91 0.2 1 60 -883,769 -71,002 1,13 2 0 68,832
1000.0 2.0 0,992 50 0.7 -160 0,22 0,91 0.6 1 60 -1914,742 -339,907 1,062 10 3 52,239
1000.0 5.0 0,992 50 0.7 -140 0,18 0,87 0.2 1 60 -1940,531 -281,19 1,142 12 4 54,786
2000.0 2.0 0,992 70 0.7 -140 0,2 0,87 0.4 1 60 -667,953 -12,581 1,004 0 0 73,502
2000.0 1.0 0,992 60 0.7 -160 0,18 0,91 0.4 1 60 -744,261 -15,581 1,106 0 0 68,033
3000.0 5.0 0,992 70 0.7 -160 0,22 0,87 0.6 1 60 -1286,547 -236,703 1,092 5 1 75,656
3000.0 1.0 0,992 70 0.7 -180 0,18 0,89 0.4 1 60 -667,893 -14,581 1,024 0 0 76,61
2000.0 5.0 0,992 70 0.7 -160 0,2 0,91 0.6 1 60 -731,721 -14,581 1,093 0 0 74,347
2000.0 1.0 0,992 60 0.7 -140 0,22 0,91 0.4 1 60 -734,581 -12,248 1,118 0 0 67,07
2000.0 2.0 0,992 60 0.7 -140 0,18 0,91 0.2 1 60 -689,673 -12,914 1,077 0 0 68,176
2000.0 5.0 0,992 70 0.7 -140 0,22 0,89 0.4 1 60 -641,977 -17 0,978 0 0 73,658
2000.0 1.0 0,992 70 0.7 -140 0,18 0,91 0.2 1 60 -706,547 -13,914 1,075 0 0 75,58
3000.0 5.0 0,992 70 0.7 -180 0,2 0,89 0.4 1 60 -704,968 -15,914 1,064 0 0 76,939
2000.0 2.0 0,992 70 0.7 -140 0,18 0,91 0.6 1 60 -685,265 -12,581 1,045 0 0 76,46
3000.0 1.0 0,992 50 0.7 -180 0,22 0,89 0.2 1 60 -722,13 -7,721 1,107 0 0 58,942
1000.0 2.0 0,992 50 0.7 -140 0,2 0,89 0.4 1 60 -772,741 -12,581 1,139 0 0 50,85
3000.0 1.0 0,992 50 0.7 -180 0,2 0,89 0.2 1 60 -854,821 -23,614 1,146 3 0 63,222
1000.0 2.0 0,992 70 0.7 -160 0,2 0,89 0.2 1 60 -775,602 -16,211 1,149 1 0 69,283
3000.0 5.0 0,992 70 0.7 -140 0,22 0,89 0.2 1 60 -734,509 -17,695 1,093 1 0 76,906
3000.0 5.0 0,992 70 0.7 -160 0,2 0,91 0.2 1 60 -1669,473 -267,736 1,003 14 4 84,959
2000.0 1.0 0,992 60 0.7 -180 0,2 0,89 0.4 1 60 -687,279 -10,248 1,026 0 0 64,661
2000.0 5.0 0,992 50 0.7 -160 0,22 0,89 0.6 1 60 -1086,5 -157,665 1,19 2 1 56,676
3000.0 2.0 0,992 70 0.7 -180 0,18 0,87 0.6 1 60 -668,161 -15,581 1,031 0 0 74,032
1000.0 2.0 0,992 70 0.7 -180 0,18 0,89 0.2 1 60 -728,466 -18,937 1,081 1 0 64,252
2000.0 2.0 0,992 70 0.7 -160 0,18 0,91 0.2 1 60 -745,054 -12,914 1,105 0 0 78,514
3000.0 2.0 0,992 70 0.7 -160 0,18 0,89 0.6 1 60 -781,793 -12,248 1,122 0 0 84,127
1000.0 5.0 0,992 60 0.7 -160 0,22 0,91 0.4 1 60 -932,079 -118,157 1,077 4 0 60,706
2000.0 5.0 0,992 70 0.7 -180 0,22 0,87 0.6 1 60 -708,615 -13,248 1,083 0 0 69,814
3000.0 1.0 0,992 60 0.7 -180 0,22 0,87 0.2 1 60 -788,306 -18,845 1,149 1 0 70,189
2000.0 5.0 0,992 50 0.7 -180 0,22 0,87 0.4 1 60 -1232,23 -214,221 1,113 3 2 54,333
1000.0 2.0 0,992 50 0.7 -180 0,22 0,91 0.6 1 60 -1070,653 -145,411 1,172 2 1 51,428
2000.0 1.0 0,992 60 0.7 -180 0,2 0,87 0.6 1 60 -747,544 -12,581 1,143 0 0 64,893
1000.0 5.0 0,992 60 0.7 -180 0,2 0,89 0.6 1 60 -756,109 -17 1,136 0 0 59,321
3000.0 5.0 0,992 50 0.7 -180 0,18 0,87 0.4 1 60 -766,165 -35,362 1,072 1 0 59,426
2000.0 2.0 0,992 60 0.7 -160 0,2 0,91 0.2 1 60 -700,806 -24,843 1,033 1 0 66,955
1000.0 1.0 0,992 50 0.7 -160 0,18 0,91 0.6 1 60 -782,862 -12,248 1,189 0 0 54,539
1000.0 2.0 0,992 60 0.7 -140 0,2 0,89 0.2 1 60 -704,963 -12,248 1,076 0 0 58,816
2000.0 5.0 0,992 50 0.7 -180 0,22 0,91 0.2 1 60 -2597,143 -393,464 1,121 16 7 59,191
3000.0 2.0 0,992 70 0.7 -140 0,18 0,91 0.6 1 60 -680,747 -12,248 1,014 0 0 83,717
1000.0 1.0 0,992 50 0.7 -180 0,18 0,89 0.2 1 60 -738,572 -12,248 1,123 0 0 49,49
1000.0 5.0 0,992 70 0.7 -140 0,2 0,89 0.6 1 60 -705,657 -10,914 1,087 0 0 65,406
3000.0 1.0 0,992 70 0.7 -140 0,22 0,91 0.6 1 60 -656,964 -12,581 1,019 0 0 77,609
3000.0 1.0 0,992 60 0.7 -160 0,22 0,87 0.2 1 60 -803,705 -24,059 1,131 1 0 73,689
1000.0 1.0 0,992 60 0.7 -160 0,2 0,91 0.6 1 60 -710,56 -14,581 1,075 0 0 58,16
3000.0 1.0 0,992 70 0.7 -180 0,2 0,91 0.2 1 60 -728,296 -17,109 1,054 1 0 80,281
1000.0 5.0 0,992 50 0.7 -160 0,18 0,87 0.4 1 60 -779,211 -18 1,199 0 0 52,599
1000.0 5.0 0,992 70 0.7 -140 0,18 0,87 0.6 1 60 -752,606 -12,248 1,114 0 0 66,36
2000.0 2.0 0,992 60 0.7 -180 0,2 0,87 0.2 1 60 -714,408 -9,721 1,122 0 0 63,92
1000.0 2.0 0,992 70 0.7 -180 0,2 0,89 0.2 1 60 -683,694 -12,248 1,048 0 0 64,19
1000.0 1.0 0,992 70 0.7 -160 0,22 0,87 0.6 1 60 -725,379 -16 1,123 0 0 62,706
1000.0 2.0 0,992 60 0.7 -140 0,18 0,87 0.6 1 60 -664,757 -13,248 1,026 0 0 58,067
2000.0 1.0 0,992 50 0.7 -180 0,2 0,91 0.6 1 60 -725,051 -12,248 1,097 0 0 53,329
2000.0 5.0 0,992 60 0.7 -180 0,22 0,89 0.4 1 60 -3284,196 -549,204 1,118 20 9 64,911
2000.0 1.0 0,992 50 0.7 -180 0,22 0,91 0.2 1 60 -757,167 -20,714 1,121 1 0 56,191
2000.0 1.0 0,992 50 0.7 -180 0,18 0,89 0.2 1 60 -761,621 -12,248 1,14 0 0 56,864
1000.0 1.0 0,992 60 0.7 -140 0,18 0,91 0.2 1 60 -676,736 -12,581 1,032 0 0 61,909
2000.0 1.0 0,992 60 0.7 -140 0,2 0,87 0.2 1 60 -783,654 -23,217 1,071 2 0 67,783
3000.0 2.0 0,992 70 0.7 -160 0,22 0,91 0.2 1 60 -694,797 -12,248 1,075 0 0 78,453
3000.0 1.0 0,992 60 0.7 -160 0,18 0,89 0.4 1 60 -720,082 -12,581 1,121 0 0 70,877
1000.0 1.0 0,992 60 0.7 -140 0,2 0,91 0.2 1 60 -676,84 -17,667 1,054 0 0 59,395
1000.0 5.0 0,992 70 0.7 -160 0,2 0,89 0.2 1 60 -1126,598 -156,826 1,137 4 1 66,923
1000.0 5.0 0,992 60 0.7 -180 0,2 0,89 0.4 1 60 -1954,711 -365,884 1,188 8 4 59,925
1000.0 5.0 0,992 60 0.7 -160 0,22 0,87 0.6 1 60 -744,933 -12,581 1,121 0 0 56,066
2000.0 2.0 0,992 70 0.7 -160 0,2 0,89 0.4 1 60 -723,819 -12,248 1,129 0 0 73,972
3000.0 5.0 0,992 50 0.7 -160 0,2 0,91 0.6 1 60 -750,397 -12,914 1,127 0 0 62,924
1000.0 1.0 0,992 50 0.7 -160 0,2 0,89 0.6 1 60 -756,508 -14,581 1,093 0 0 51,083
2000.0 5.0 0,992 60 0.7 -140 0,18 0,87 0.2 1 60 -825,018 -22,741 1,105 3 0 65,877
2000.0 5.0 0,992 70 0.7 -180 0,18 0,89 0.6 1 60 -751,722 -13,914 1,165 0 0 73,798
1000.0 2.0 0,992 60 0.7 -140 0,18 0,89 0.2 1 60 -886,12 -103,876 1,021 3 0 60,331
3000.0 1.0 0,992 70 0.7 -180 0,18 0,91 0.2 1 60 -831,447 -23,051 1,158 2 0 80,561
3000.0 5.0 0,992 70 0.7 -140 0,18 0,91 0.6 1 60 -673,45 -12,581 1,05 0 0 78,469
3000.0 1.0 0,992 60 0.7 -160 0,18 0,89 0.4 1 60 -778,726 -11,721 1,2 0 0 70,61
1000.0 1.0 0,992 70 0.7 -160 0,2 0,89 0.2 1 60 -720,545 -20,58 1,036 1 0 65,017
2000.0 2.0 0,992 70 0.7 -180 0,22 0,89 0.6 1 60 -671,62 -14,581 1,017 0 0 71,328
1000.0 5.0 0,992 70 0.7 -160 0,22 0,87 0.4 1 60 -710,866 -12,248 1,072 0 0 62,658
3000.0 5.0 0,992 70 0.7 -140 0,22 0,87 0.6 1 60 -676,96 -12,248 1,059 0 0 76,749
2000.0 1.0 0,992 70 0.7 -180 0,22 0,87 0.4 1 60 -774,794 -12,248 1,203 0 0 71,456
3000.0 2.0 0,992 60 0.7 -160 0,18 0,89 0.4 1 60 -718,062 -13,581 1,057 0 0 72,001
1000.0 1.0 0,992 50 0.7 -180 0,18 0,87 0.6 1 60 -820,655 -16,495 1,243 0 0 50,859
3000.0 1.0 0,992 60 0.7 -180 0,22 0,89 0.6 1 60 -774,797 -12,581 1,162 0 0 71,688
3000.0 1.0 0,992 60 0.7 -140 0,2 0,87 0.4 1 60 -664,177 -16,248 1,025 0 0 69,657
1000.0 1.0 0,992 70 0.7 -140 0,2 0,89 0.4 1 60 -724,68 -13,387 1,084 0 0 70,814
3000.0 1.0 0,992 60 0.7 -140 0,22 0,89 0.4 1 60 -751,307 -13,914 1,128 0 0 70,126
2000.0 1.0 0,992 70 0.7 -140 0,18 0,87 0.4 1 60 -721,127 -12,248 1,114 0 0 74,376
3000.0 2.0 0,992 70 0.7 -140 0,18 0,89 0.2 1 60 -711,827 -12,248 1,102 0 0 83,122
3000.0 5.0 0,992 70 0.7 -160 0,18 0,87 0.6 1 60 -703,645 -12,581 1,093 0 0 75,172
3000.0 5.0 0,992 50 0.7 -140 0,18 0,89 0.4 1 60 -1664,333 -401,501 1,186 5 3 62,893
2000.0 2.0 0,992 50 0.7 -160 0,18 0,91 0.2 1 60 -710,569 -12,248 1,105 0 0 57,271
3000.0 2.0 0,992 70 0.7 -140 0,2 0,89 0.2 1 60 -727,281 -13,233 1,05 1 0 81,034
1000.0 1.0 0,992 60 0.7 -140 0,2 0,89 0.4 1 60 -672,62 -13,914 1,019 0 0 58,707
2000.0 5.0 0,992 50 0.7 -180 0,2 0,91 0.6 1 60 -1701,277 -264,637 1,107 7 3 56,256
3000.0 1.0 0,992 70 0.7 -160 0,18 0,91 0.4 1 60 -733,457 -13,914 1,115 0 0 81,861
2000.0 1.0 0,992 70 0.7 -140 0,18 0,91 0.6 1 60 -711,38 -8,149 1,072 0 0 76,375
3000.0 2.0 0,992 50 0.7 -160 0,2 0,89 0.2 1 60 -1328,802 -268,919 1,133 6 2 63,988
3000.0 5.0 0,992 60 0.7 -160 0,2 0,89 0.4 1 60 -722,971 -13,11 1,116 0 0 66,83
3000.0 2.0 0,992 60 0.7 -160 0,22 0,91 0.6 1 60 -725,56 -13,581 1,088 0 0 68,659
1000.0 5.0 0,992 50 0.7 -140 0,18 0,87 0.2 1 60 -1245,239 -253,519 1,149 4 2 53,394
3000.0 5.0 0,992 60 0.7 -160 0,22 0,87 0.4 1 60 -710,334 -12,248 1,092 0 0 68,721
3000.0 5.0 0,992 70 0.7 -180 0,22 0,89 0.4 1 60 -720,549 -16,248 1,073 0 0 74,562
3000.0 5.0 0,992 60 0.7 -160 0,18 0,89 0.6 1 60 -734,368 -12,581 1,105 0 0 70,891
2000.0 2.0 0,992 60 0.7 -160 0,22 0,91 0.2 1 60 -716,131 -12,581 1,089 0 0 64,866
2000.0 5.0 0,992 70 0.7 -160 0,2 0,89 0.2 1 60 -688,668 -12,248 1,058 0 0 72,89
1000.0 1.0 0,992 70 0.7 -160 0,22 0,87 0.6 1 60 -751,762 -14,248 1,159 0 0 69,845
2000.0 2.0 0,992 70 0.7 -140 0,2 0,87 0.4 1 60 -734,353 -27,111 1,05 1 0 76,844
1000.0 2.0 0,992 70 0.7 -160 0,22 0,87 0.2 1 60 -791,315 -18,603 1,15 1 0 67,41
1000.0 2.0 0,992 50 0.7 -140 0,22 0,89 0.6 1 60 -756,734 -12,581 1,144 0 0 50,943
3000.0 2.0 0,992 50 0.7 -180 0,2 0,87 0.4 1 60 -781,37 -12,248 1,206 0 0 56,582
1000.0 5.0 0,992 60 0.7 -160 0,22 0,87 0.2 1 60 -688,26 -15,914 1,06 0 0 55,304
3000.0 5.0 0,992 50 0.7 -180 0,2 0,89 0.4 1 60 -709,832 -8,387 1,066 0 0 61,816
2000.0 5.0 0,992 70 0.7 -160 0,18 0,87 0.6 1 60 -996,439 -159,844 1,05 2 1 72,454
1000.0 2.0 0,992 70 0.7 -180 0,2 0,91 0.2 1 60 -710,961 -12,248 1,079 0 0 64,343
2000.0 2.0 0,992 70 0.7 -160 0,2 0,89 0.2 1 60 -645,472 -13,581 1,004 0 0 72,094
3000.0 1.0 0,992 70 0.7 -160 0,22 0,89 0.2 1 60 -672,943 -13,248 1,056 0 0 77,604
2000.0 2.0 0,992 50 0.7 -160 0,18 0,89 0.2 1 60 -742,756 -17 1,111 0 0 57,373
1000.0 1.0 0,992 50 0.7 -140 0,18 0,89 0.4 1 60 -727,102 -12,248 1,094 0 0 53,192
1000.0 2.0 0,992 70 0.7 -140 0,2 0,91 0.4 1 60 -753,463 -12,581 1,132 0 0 67,454
3000.0 1.0 0,992 50 0.7 -140 0,18 0,89 0.2 1 60 -706,408 -17,313 1,035 1 0 62,783
1000.0 1.0 0,992 50 0.7 -160 0,18 0,89 0.2 1 60 -721,606 -12,248 1,107 0 0 51,959
1000.0 2.0 0,992 50 0.7 -140 0,18 0,87 0.2 1 60 -2897,352 -294,465 1,074 24 9 56,786
1000.0 1.0 0,992 50 0.7 -180 0,18 0,91 0.6 1 60 -717,717 -12,914 1,094 0 0 52,271
3000.0 1.0 0,992 60 0.7 -180 0,22 0,87 0.2 1 60 -751,837 -14,914 1,135 0 0 69,579
2000.0 5.0 0,992 60 0.7 -140 0,18 0,89 0.6 1 60 -739,346 -13,914 1,115 0 0 66,629
2000.0 5.0 0,992 50 0.7 -140 0,2 0,87 0.2 1 60 -757,786 -21,642 1,071 2 0 55,367
1000.0 2.0 0,992 70 0.7 -140 0,22 0,87 0.6 1 60 -1619,28 -265,868 1,076 8 3 66,518
1000.0 2.0 0,992 60 0.7 -140 0,22 0,89 0.6 1 60 -721,602 -13,914 1,082 0 0 60,191
3000.0 1.0 0,992 60 0.7 -160 0,18 0,89 0.4 1 60 -702,399 -9,51 1,091 0 0 71,351
1000.0 2.0 0,992 70 0.7 -160 0,18 0,91 0.2 1 60 -678,44 -12,248 1,043 0 0 66,908
3000.0 5.0 0,992 60 0.7 -160 0,22 0,87 0.6 1 60 -732,438 -12,914 1,126 0 0 64,519
2000.0 1.0 0,992 50 0.7 -180 0,22 0,91 0.6 1 60 -731,33 -12,581 1,093 0 0 53,66
2000.0 1.0 0,992 50 0.7 -160 0,2 0,91 0.6 1 60 -697,211 -15,248 1,076 0 0 57,551
2000.0 5.0 0,992 60 0.7 -140 0,18 0,87 0.2 1 60 -659,927 -16,248 1 0 0 62,768
1000.0 5.0 0,992 60 0.7 -140 0,2 0,89 0.2 1 60 -1052,193 -187,539 1,046 3 1 61,377
2000.0 5.0 0,992 50 0.7 -140 0,2 0,87 0.4 1 60 -710,362 -17,308 1,085 0 0 58,269
3000.0 5.0 0,992 50 0.7 -180 0,22 0,91 0.4 1 60 -2197,406 -385,014 1,113 15 3 65,738
3000.0 1.0 0,992 50 0.7 -160 0,18 0,89 0.4 1 60 -758,832 -13,248 1,123 0 0 60,206
1000.0 5.0 0,992 50 0.7 -180 0,2 0,87 0.2 1 60 -754,284 -13,248 1,145 0 0 49,537
3000.0 2.0 0,992 50 0.7 -160 0,18 0,91 0.4 1 60 -725,153 -15 1,087 0 0 62,284
3000.0 2.0 0,992 70 0.7 -180 0,22 0,91 0.2 1 60 -672,176 -12,248 1,017 0 0 80,451
1000.0 1.0 0,992 70 0.7 -160 0,18 0,89 0.2 1 60 -731,267 -16,682 1,068 1 0 69,157
3000.0 5.0 0,992 50 0.7 -160 0,22 0,89 0.6 1 60 -703,75 -14,581 1,068 0 0 57,63
3000.0 5.0 0,992 50 0.7 -140 0,22 0,87 0.4 1 60 -671,63 -13,248 1,007 0 0 57,144
2000.0 2.0 0,992 60 0.7 -180 0,18 0,87 0.4 1 60 -866,88 -43,155 1,113 2 0 66,299
1000.0 1.0 0,992 70 0.7 -140 0,22 0,87 0.4 1 60 -750,633 -12,248 1,151 0 0 65,283
1000.0 5.0 0,992 50 0.7 -180 0,18 0,91 0.4 1 60 -1084,504 -165,11 1,147 2 1 49,866
3000.0 1.0 0,992 50 0.7 -140 0,2 0,91 0.2 1 60 -703,198 -11,387 1,094 0 0 63,159
1000.0 5.0 0,992 50 0.7 -180 0,2 0,87 0.2 1 60 -779,944 -15,302 1,138 1 0 46,303
1000.0 5.0 0,992 50 0.7 -160 0,18 0,89 0.6 1 60 -710,996 -12,248 1,079 0 0 50,241
3000.0 2.0 0,992 70 0.7 -140 0,18 0,91 0.2 1 60 -683,05 -13,581 1,055 0 0 79,608
1000.0 1.0 0,992 60 0.7 -140 0,22 0,87 0.6 1 60 -739,267 -13,581 1,122 0 0 59,081
1000.0 1.0 0,992 60 0.7 -140 0,18 0,87 0.6 1 60 -758,239 -14,914 1,148 0 0 61,05
3000.0 5.0 0,992 60 0.7 -140 0,18 0,91 0.4 1 60 -2291,333 -551,561 1,066 10 7 72,469
2000.0 5.0 0,992 60 0.7 -180 0,22 0,89 0.2 1 60 -827,156 -23,16 1,201 1 0 65,768
3000.0 5.0 0,992 50 0.7 -160 0,18 0,87 0.6 1 60 -785,524 -12,914 1,196 0 0 63,174
2000.0 2.0 0,992 50 0.7 -180 0,18 0,91 0.4 1 60 -712,588 -12,581 1,091 0 0 59,175
3000.0 5.0 0,992 50 0.7 -160 0,18 0,87 0.4 1 60 -1767,229 -177,846 1,194 11 2 61,909
3000.0 1.0 0,992 50 0.7 -160 0,22 0,89 0.2 1 60 -755,407 -25,915 1,106 1 0 60,815
2000.0 5.0 0,992 70 0.7 -140 0,18 0,91 0.4 1 60 -661,633 -12,248 1,024 0 0 71,782
3000.0 1.0 0,992 50 0.7 -160 0,18 0,87 0.2 1 60 -697,861 -12,92 1,03 1 0 59,63
1000.0 2.0 0,992 50 0.7 -140 0,22 0,89 0.4 1 60 -904,398 -97,134 1,075 2 1 50,176
1000.0 1.0 0,992 50 0.7 -160 0,2 0,91 0.4 1 60 -732,33 -12,248 1,117 0 0 51,255
2000.0 1.0 0,992 60 0.7 -160 0,2 0,89 0.4 1 60 -773,221 -12,581 1,157 0 0 67,22
1000.0 5.0 0,992 70 0.7 -160 0,18 0,87 0.6 1 60 -2172,66 -519,402 1,1 12 3 68,799
3000.0 2.0 0,992 70 0.7 -140 0,2 0,87 0.6 1 60 -710,883 -12,248 1,094 0 0 80,374
3000.0 5.0 0,992 70 0.7 -180 0,22 0,87 0.4 1 60 -682,532 -11,914 1,032 0 0 76,155
1000.0 1.0 0,992 60 0.7 -160 0,22 0,91 0.2 1 60 -733,987 -12,248 1,112 0 0 59,503
3000.0 2.0 0,992 70 0.7 -180 0,22 0,89 0.6 1 60 -726,142 -12,581 1,095 0 0 77,155
2000.0 2.0 0,992 70 0.7 -140 0,22 0,87 0.4 1 60 -697,242 -12,248 1,064 0 0 72,861
1000.0 1.0 0,992 60 0.7 -140 0,2 0,91 0.2 1 60 -718,565 -12,581 1,106 0 0 62,345
2000.0 1.0 0,992 70 0.7 -160 0,22 0,89 0.2 1 60 -675,662 -13,914 1,048 0 0 73,248
3000.0 5.0 0,992 50 0.7 -180 0,18 0,91 0.4 1 60 -673,902 -13,914 1,034 0 0 60,785
2000.0 2.0 0,992 70 0.7 -140 0,18 0,89 0.6 1 60 -744,214 -13,914 1,142 0 0 77,156
1000.0 1.0 0,992 60 0.7 -140 0,18 0,91 0.6 1 60 -725,902 -16,667 1,092 0 0 62,956
1000.0 1.0 0,992 60 0.7 -140 0,22 0,87 0.4 1 60 -688,923 -12,581 1,038 0 0 58,643
2000.0 2.0 0,992 70 0.7 -160 0,22 0,89 0.4 1 60 -689,626 -14,914 1,034 0 0 74,313
2000.0 2.0 0,992 60 0.7 -140 0,22 0,91 0.6 1 60 -701,555 -12,721 1,072 0 0 66,034
1000.0 1.0 0,992 70 0.7 -140 0,22 0,91 0.2 1 60 -686,821 -12,054 1,051 0 0 67,829
3000.0 2.0 0,992 50 0.7 -140 0,2 0,91 0.2 1 60 -675,38 -12,248 1,032 0 0 61,268
3000.0 2.0 0,992 70 0.7 -140 0,22 0,91 0.4 1 60 -666,046 -10,281 1,015 0 0 80,858
2000.0 5.0 0,992 70 0.7 -140 0,2 0,91 0.6 1 60 -704,01 -14,914 1,059 0 0 74,718
3000.0 2.0 0,992 70 0.7 -180 0,2 0,87 0.6 1 60 -740,79 -14,581 1,148 0 0 78,75
1000.0 5.0 0,992 70 0.7 -140 0,22 0,91 0.4 1 60 -1119,791 -221,85 1,031 2 2 66,877
3000.0 5.0 0,992 70 0.7 -140 0,18 0,87 0.4 1 60 -754,798 -12,248 1,127 0 0 81,185
1000.0 2.0 0,992 70 0.7 -140 0,22 0,91 0.4 1 60 -720,088 -12,248 1,115 0 0 67,002
3000.0 5.0 0,992 70 0.7 -140 0,18 0,89 0.4 1 60 -686,136 -12,581 1,02 0 0 78,344
3000.0 1.0 0,992 60 0.7 -140 0,2 0,87 0.4 1 60 -682,942 -12,914 1,044 0 0 70,282
3000.0 5.0 0,992 50 0.7 -160 0,18 0,91 0.4 1 60 -1276,32 -208,711 1,113 7 0 60,112
1000.0 1.0 0,992 50 0.7 -140 0,18 0,91 0.2 1 60 -710,016 -12,248 1,07 0 0 53,958
2000.0 1.0 0,992 70 0.7 -160 0,22 0,91 0.4 1 60 -716,79 -13,914 1,076 0 0 75,452
3000.0 5.0 0,992 70 0.7 -160 0,22 0,89 0.2 1 60 -1202,002 -265,452 0,979 6 2 75,812
3000.0 5.0 0,992 50 0.7 -140 0,22 0,87 0.4 1 60 -1960,141 -353,69 1,147 9 4 62,034
3000.0 5.0 0,992 60 0.7 -140 0,18 0,91 0.6 1 60 -683,133 -18 1,044 0 0 71,876
3000.0 1.0 0,992 60 0.7 -140 0,18 0,87 0.2 1 60 -755,162 -17,685 1,072 1 1 73,916
2000.0 2.0 0,992 70 0.7 -180 0,22 0,89 0.6 1 60 -722,792 -12,248 1,091 0 0 72,453
1000.0 2.0 0,992 60 0.7 -140 0,18 0,87 0.6 1 60 -788,158 -16,248 1,171 0 0 60,644
2000.0 1.0 0,992 70 0.7 -160 0,22 0,91 0.2 1 60 -636,593 -14,914 1 0 0 75,452
1000.0 1.0 0,992 50 0.7 -140 0,2 0,89 0.4 1 60 -705,857 -7,714 1,086 0 0 52,707
2000.0 1.0 0,992 70 0.7 -180 0,22 0,87 0.2 1 60 -740,721 -15 1,121 0 0 73,188
2000.0 2.0 0,992 70 0.7 -160 0,2 0,87 0.2 1 60 -729,955 -12,581 1,097 0 0 74,887
3000.0 1.0 0,992 70 0.7 -140 0,22 0,87 0.6 1 60 -692,459 -14,914 1,077 0 0 78,39
2000.0 5.0 0,992 60 0.7 -180 0,18 0,87 0.2 1 60 -745,787 -12,581 1,151 0 0 63,848
3000.0 2.0 0,992 70 0.7 -140 0,22 0,91 0.6 1 60 -662,993 -12,914 1,005 0 0 77,377
1000.0 1.0 0,992 70 0.7 -140 0,18 0,89 0.6 1 60 -668,984 -12,248 1,009 0 0 66,783
1000.0 1.0 0,992 70 0.7 -140 0,22 0,91 0.2 1 60 -715,002 -12,581 1,07 0 0 68,534
1000.0 2.0 0,992 70 0.7 -140 0,2 0,87 0.4 1 60 -693,299 -14,248 1,075 0 0 66,346
3000.0 2.0 0,992 70 0.7 -180 0,22 0,91 0.2 1 60 -702,167 -16,295 1,021 1 0 76,672
2000.0 2.0 0,992 70 0.7 -140 0,2 0,91 0.2 1 60 -737,488 -29,963 1,055 1 0 74,968
3000.0 1.0 0,992 70 0.7 -140 0,22 0,87 0.6 1 60 -674,089 -9,581 1,018 0 0 80,546
2000.0 5.0 0,992 70 0.7 -140 0,18 0,91 0.4 1 60 -666,139 -13,581 1,026 0 0 77,11
2000.0 2.0 0,992 70 0.7 -160 0,2 0,89 0.2 1 60 -680,797 -12,914 1,065 0 0 71,267
3000.0 2.0 0,992 70 0.7 -140 0,18 0,89 0.6 1 60 -740,86 -12,054 1,141 0 0 80,405
3000.0 5.0 0,992 50 0.7 -140 0,22 0,87 0.6 1 60 -743,186 -12,248 1,134 0 0 56,707
2000.0 5.0 0,992 70 0.7 -140 0,22 0,89 0.4 1 60 -712,043 -15,334 1,021 0 0 75,31
1000.0 5.0 0,992 70 0.7 -180 0,2 0,91 0.4 1 60 -1945,189 -409,747 1,064 11 3 63,611
3000.0 5.0 0,992 70 0.7 -180 0,22 0,87 0.4 1 60 -746,305 -13,581 1,104 0 0 76,063
3000.0 1.0 0,992 70 0.7 -160 0,18 0,89 0.2 1 60 -641,025 -8,265 1,004 0 0 78,442
1000.0 1.0 0,992 70 0.7 -140 0,22 0,91 0.4 1 60 -650,739 -12,914 1,01 0 0 65,953
3000.0 1.0 0,992 70 0.7 -180 0,18 0,89 0.4 1 60 -774,552 -34,499 1,085 1 0 80,17
2000.0 2.0 0,992 60 0.7 -140 0,18 0,91 0.6 1 60 -701,806 -12,248 1,081 0 0 67,08
3000.0 2.0 0,992 70 0.7 -140 0,18 0,89 0.4 1 60 -666,651 -14,248 1,027 0 0 80,561
3000.0 5.0 0,992 60 0.7 -140 0,22 0,91 0.4 1 60 -734,007 -12,248 1,087 0 0 69,813
3000.0 1.0 0,992 70 0.7 -140 0,2 0,89 0.4 1 60 -681,234 -12,581 1,028 0 0 84,013
1000.0 5.0 0,992 70 0.7 -180 0,2 0,91 0.4 1 60 -1918,881 -347,234 1,069 11 3 64,44
3000.0 1.0 0,992 50 0.7 -140 0,2 0,89 0.6 1 60 -742,391 -12,248 1,124 0 0 59,471
3000.0 2.0 0,992 70 0.7 -140 0,2 0,91 0.2 1 60 -664,369 -12,248 1,022 0 0 79,595
2000.0 2.0 0,992 60 0.7 -140 0,18 0,91 0.4 1 60 -713,254 -8,802 1,099 0 0 66,782
3000.0 5.0 0,992 70 0.7 -180 0,22 0,87 0.4 1 60 -712,162 -12,581 1,074 0 0 75,489
1000.0 5.0 0,992 50 0.7 -140 0,22 0,87 0.4 1 60 -1373,231 -308,478 1,14 4 2 51,224
3000.0 1.0 0,992 70 0.7 -160 0,18 0,89 0.2 1 60 -738,932 -14,358 1,088 1 0 78,886
1000.0 5.0 0,992 70 0.7 -140 0,22 0,91 0.4 1 60 -715,618 -16,248 1,067 0 0 66,908
2000.0 1.0 0,992 70 0.7 -160 0,22 0,87 0.6 1 60 -1802,102 -416,692 1,121 9 2 75,127
3000.0 5.0 0,992 70 0.7 -140 0,2 0,89 0.4 1 60 -2125,514 -532,37 1,105 9 7 80,266
3000.0 2.0 0,992 70 0.7 -140 0,18 0,91 0.6 1 60 -666,825 -12,248 1,044 0 0 78,311
2000.0 1.0 0,992 60 0.7 -180 0,18 0,91 0.6 1 60 -710,308 -12,914 1,109 0 0 66,86
1000.0 1.0 0,992 60 0.7 -140 0,18 0,89 0.6 1 60 -696,458 -12,581 1,08 0 0 58,94
3000.0 5.0 0,992 70 0.7 -180 0,18 0,87 0.4 1 60 -744,872 -26,982 1,061 1 0 78,624
3000.0 2.0 0,992 70 0.7 -160 0,18 0,89 0.6 1 60 -680,912 -12,914 1,069 0 0 79,155
3000.0 5.0 0,992 70 0.7 -140 0,18 0,89 0.4 1 60 -1920,488 -348,162 1,101 14 2 76,947
3000.0 2.0 0,992 70 0.7 -140 0,22 0,91 0.4 1 60 -674,298 -9,387 1,038 0 0 81,656
2000.0 1.0 0,992 70 0.7 -140 0,22 0,87 0.2 1 60 -709,49 -17,989 1,054 1 0 74,343
3000.0 1.0 0,992 50 0.7 -140 0,2 0,89 0.4 1 60 -784,149 -12,581 1,198 0 0 63,831
3000.0 1.0 0,992 70 0.7 -140 0,2 0,87 0.6 1 60 -652,403 -12,581 1,02 0 0 77,405
1000.0 5.0 0,992 70 0.7 -160 0,2 0,91 0.4 1 60 -815,706 -58,5 1,089 2 0 68,376
3000.0 1.0 0,992 70 0.7 -180 0,22 0,89 0.4 1 60 -697,839 -28,424 0,987 1 0 79,797
3000.0 1.0 0,992 50 0.7 -160 0,2 0,87 0.2 1 60 -861,869 -22,896 1,152 3 0 60,737
1000.0 1.0 0,992 70 0.7 -140 0,18 0,87 0.6 1 60 -681,553 -10,054 1,048 0 0 67,298
3000.0 2.0 0,992 70 0.7 -180 0,22 0,87 0.4 1 60 -848,332 -31,843 1,048 3 0 80,079
2000.0 2.0 0,992 70 0.7 -140 0,18 0,91 0.2 1 60 -653,665 -12,914 1,004 0 0 78,547
1000.0 5.0 0,992 50 0.7 -140 0,18 0,91 0.4 1 60 -4887,248 -411,961 1,117 34 15 54,114
2000.0 2.0 0,992 60 0.7 -140 0,18 0,91 0.6 1 60 -672,065 -11,914 1,027 0 0 65,348
3000.0 5.0 0,992 70 0.7 -180 0,22 0,87 0.4 1 60 -685,078 -13,248 1,062 0 0 75,359
2000.0 1.0 0,992 70 0.7 -140 0,22 0,91 0.2 1 60 -680,52 -12,248 1,062 0 0 72,722
1000.0 5.0 0,992 70 0.7 -140 0,22 0,89 0.6 1 60 -734,65 -14,581 1,116 0 0 63,017
3000.0 5.0 0,992 50 0.7 -140 0,18 0,87 0.4 1 60 -926,008 -68,163 1,118 3 0 62,581
2000.0 5.0 0,992 50 0.7 -160 0,18 0,89 0.2 1 60 -1458,672 -245,871 1,08 9 2 58,332
2000.0 5.0 0,992 50 0.7 -160 0,18 0,89 0.2 1 60 -1630,428 -286,629 1,138 9 4 59,112
2000.0 5.0 0,992 70 0.7 -140 0,22 0,89 0.4 1 60 -710,266 -12,248 1,045 0 0 76,327
1000.0 5.0 0,992 70 0.7 -140 0,22 0,89 0.6 1 60 -1514,723 -392,843 1,1 7 2 66,221
2000.0 1.0 0,992 70 0.7 -160 0,22 0,91 0.4 1 60 -671,547 -14,581 1,026 0 0 74,73
2000.0 2.0 0,992 70 0.7 -160 0,2 0,91 0.2 1 60 -724,84 -15,98 1,054 1 0 78,483
2000.0 2.0 0,992 60 0.7 -160 0,2 0,89 0.2 1 60 -693,882 -12,914 1,075 0 0 65,927
3000.0 2.0 0,992 70 0.7 -140 0,22 0,87 0.4 1 60 -715,658 -8,849 1,091 0 0 82,483
2000.0 2.0 0,992 70 0.7 -140 0,22 0,91 0.6 1 60 -687,097 -12,581 1,046 0 0 73,931
2000.0 2.0 0,992 70 0.7 -140 0,22 0,91 0.6 1 60 -695,849 -12,054 1,056 0 0 77,067
2000.0 1.0 0,992 70 0.7 -160 0,22 0,91 0.2 1 60 -657,539 -13,914 1,009 0 0 75,046
2000.0 5.0 0,992 60 0.7 -180 0,18 0,87 0.2 1 60 -866,992 -49,303 1,065 4 1 64,864
1000.0 1.0 0,992 70 0.7 -140 0,18 0,87 0.6 1 60 -703,376 -12,248 1,072 0 0 65,631
2000.0 2.0 0,992 60 0.7 -140 0,18 0,87 0.6 1 60 -687,148 -12,248 1,033 0 0 65,284
1000.0 5.0 0,992 50 0.7 -140 0,18 0,91 0.4 1 60 -3456,215 -559,373 1,061 19 13 53,55
1000.0 1.0 0,992 70 0.7 -140 0,22 0,87 0.6 1 60 -729,657 -12,248 1,103 0 0 65,159
1000.0 2.0 0,992 70 0.7 -140 0,18 0,91 0.4 1 60 -683,17 -13,914 1,018 0 0 70,891
3000.0 1.0 0,992 70 0.7 -140 0,18 0,87 0.4 1 60 -680,556 -12,581 1,073 0 0 80,077
1000.0 1.0 0,992 70 0.7 -160 0,22 0,87 0.6 1 60 -735,394 -14,581 1,128 0 0 64,799
2000.0 2.0 0,992 60 0.7 -140 0,18 0,91 0.4 1 60 -1507,618 -383,037 1,117 5 3 65,533
3000.0 1.0 0,992 70 0.7 -160 0,2 0,91 0.2 1 60 -675,462 -12,581 1,053 0 0 81,561
3000.0 2.0 0,992 70 0.7 -160 0,2 0,91 0.4 1 60 -676,556 -12,914 1,01 0 0 79,765
2000.0 1.0 0,992 70 0.7 -180 0,22 0,91 0.4 1 60 -706,495 -15,387 1,075 0 0 73,296
3000.0 5.0 0,992 70 0.7 -180 0,22 0,87 0.6 1 60 -708,389 -15,248 1,078 0 0 74,718
3000.0 2.0 0,992 70 0.7 -140 0,18 0,87 0.6 1 60 -680,259 -12,581 1,024 0 0 80,656
2000.0 1.0 0,992 70 0.7 -140 0,22 0,89 0.2 1 60 -694,614 -14,248 1,095 0 0 76,098
2000.0 2.0 0,992 70 0.7 -140 0,18 0,87 0.6 1 60 -705,969 -14,581 1,08 0 0 75,429
1000.0 2.0 0,992 50 0.7 -140 0,18 0,91 0.6 1 60 -723,253 -16,308 1,101 0 0 53,161
2000.0 5.0 0,992 50 0.7 -160 0,18 0,89 0.2 1 60 -2008,191 -332,121 1,179 16 5 58,917
3000.0 2.0 0,992 70 0.7 -160 0,22 0,91 0.2 1 60 -618,114 -12,248 0,961 0 0 76,968
1000.0 5.0 0,992 50 0.7 -140 0,18 0,87 0.4 1 60 -750,647 -13,914 1,128 0 0 50,521
1000.0 1.0 0,992 70 0.7 -160 0,2 0,89 0.6 1 60 -733,238 -14,914 1,135 0 0 67,064
3000.0 2.0 0,992 70 0.7 -160 0,18 0,87 0.2 1 60 -849,198 -22,494 1,134 3 0 81,312
3000.0 5.0 0,992 50 0.7 -140 0,18 0,89 0.2 1 60 -1926,337 -317,663 1,068 9 5 61,834
2000.0 2.0 0,992 70 0.7 -140 0,2 0,87 0.2 1 60 -703,298 -18,103 1,023 1 0 79,188
1000.0 1.0 0,992 70 0.7 -180 0,18 0,89 0.6 1 60 -711,193 -12,248 1,091 0 0 68,394
1000.0 1.0 0,992 70 0.7 -140 0,22 0,87 0.6 1 60 -691,911 -8,02 1,046 0 0 66,298
2000.0 5.0 0,992 70 0.7 -140 0,18 0,91 0.6 1 60 -2997,266 -529,2 1,122 18 5 74,081
2000.0 5.0 0,992 70 0.7 -140 0,22 0,89 0.4 1 60 -712,753 -12,581 1,078 0 0 73,563
2000.0 2.0 0,992 60 0.7 -140 0,18 0,91 0.6 1 60 -708,779 -10,054 1,08 0 0 68,112
2000.0 5.0 0,992 70 0.7 -140 0,22 0,91 0.2 1 60 -695,146 -9,32 1,067 0 0 73,609
3000.0 1.0 0,992 70 0.7 -160 0,2 0,87 0.2 1 60 -676,773 -12,581 1,032 0 0 78,869
3000.0 2.0 0,992 70 0.7 -140 0,2 0,91 0.2 1 60 -677,799 -9,501 1,035 0 0 81,499
1000.0 5.0 0,992 70 0.7 -160 0,2 0,91 0.4 1 60 -1317,859 -167,509 1,089 8 1 66,735
3000.0 1.0 0,992 70 0.7 -140 0,22 0,91 0.4 1 60 -654,566 -12,387 0,994 0 0 79,67
2000.0 2.0 0,992 70 0.7 -140 0,22 0,91 0.4 1 60 -674,435 -12,248 0,994 0 0 75,546
3000.0 1.0 0,992 70 0.7 -140 0,2 0,87 0.6 1 60 -720,949 -13,054 1,106 0 0 79,968
2000.0 5.0 0,992 60 0.7 -180 0,18 0,87 0.2 1 60 -782,976 -19,483 1,078 3 0 68,564
2000.0 1.0 0,992 60 0.7 -140 0,2 0,87 0.6 1 60 -736,716 -12,581 1,129 0 0 63,035
2000.0 2.0 0,992 70 0.7 -160 0,18 0,91 0.6 1 60 -694,149 -7,756 1,102 0 0 75,468
3000.0 1.0 0,992 70 0.7 -140 0,22 0,89 0.4 1 60 -656,916 -12,581 1 0 0 80,671
1000.0 1.0 0,992 70 0.7 -140 0,2 0,87 0.4 1 60 -709,227 -12,914 1,086 0 0 68,28
1000.0 1.0 0,992 70 0.7 -180 0,18 0,89 0.6 1 60 -747,839 -14,581 1,143 0 0 66,548
2000.0 2.0 0,992 60 0.7 -160 0,2 0,89 0.2 1 60 -775,198 -25,061 1,13 1 0 68,798
1000.0 5.0 0,992 60 0.7 -180 0,18 0,91 0.6 1 60 -709,485 -12,248 1,059 0 0 58,894
2000.0 5.0 0,992 70 0.7 -140 0,18 0,91 0.6 1 60 -690,923 -17,334 1,049 0 0 76,015
2000.0 2.0 0,992 70 0.7 -140 0,18 0,91 0.4 1 60 -721,105 -12,054 1,113 0 0 75,422
2000.0 2.0 0,992 50 0.7 -180 0,18 0,89 0.2 1 60 -717,315 -13,581 1,084 0 0 57,033
1000.0 2.0 0,992 70 0.7 -140 0,18 0,91 0.6 1 60 -1484,4 -273,156 1,125 7 1 70,502
2000.0 1.0 0,992 70 0.7 -160 0,22 0,87 0.2 1 60 -758,692 -12,248 1,163 0 0 75,629
3000.0 1.0 0,992 70 0.7 -140 0,22 0,89 0.4 1 60 -787,761 -31,805 1,086 1 0 80,154
1000.0 5.0 0,992 60 0.7 -180 0,18 0,91 0.6 1 60 -1048,779 -149,984 1,097 3 0 58,768
3000.0 5.0 0,992 70 0.7 -140 0,18 0,89 0.6 1 60 -773,111 -12,581 1,184 0 0 79,077
2000.0 2.0 0,992 70 0.7 -160 0,2 0,91 0.2 1 60 -717,937 -12,581 1,116 0 0 74,938
3000.0 5.0 0,992 70 0.7 -180 0,22 0,87 0.4 1 60 -673,589 -16 1,042 0 0 73,359
2000.0 2.0 0,992 70 0.7 -140 0,18 0,91 0.4 1 60 -674,655 -12,914 1,021 0 0 76,093
2000.0 2.0 0,992 50 0.7 -180 0,18 0,89 0.2 1 60 -923,555 -85,766 1,155 3 1 58,613
1000.0 2.0 0,992 70 0.7 -140 0,18 0,89 0.4 1 60 -689,496 -12,581 1,068 0 0 64,142
2000.0 1.0 0,992 70 0.7 -160 0,22 0,87 0.2 1 60 -816,136 -20,566 1,166 1 0 74,86
2000.0 5.0 0,992 70 0.7 -140 0,22 0,89 0.4 1 60 -683,22 -12,581 1,03 0 0 70,267
2000.0 1.0 0,992 70 0.7 -160 0,22 0,91 0.2 1 60 -732,671 -19,9 1,047 1 0 76,281
1000.0 1.0 0,992 70 0.7 -140 0,2 0,87 0.6 1 60 -702,036 -12,248 1,059 0 0 65,252
3000.0 1.0 0,992 50 0.7 -160 0,18 0,87 0.4 1 60 -703,377 -12,248 1,098 0 0 59,409
3000.0 5.0 0,992 70 0.7 -140 0,18 0,91 0.6 1 60 -1816,202 -299,207 0,987 10 3 82,086
2000.0 2.0 0,992 60 0.7 -160 0,2 0,89 0.2 1 60 -738,741 -12,248 1,11 0 0 68,362
3000.0 5.0 0,992 70 0.7 -160 0,22 0,91 0.6 1 60 -665,882 -12,248 1,031 0 0 77,699
1000.0 2.0 0,992 60 0.7 -140 0,2 0,87 0.4 1 60 -766,692 -12,581 1,161 0 0 57,879
1000.0 5.0 0,992 60 0.7 -140 0,18 0,91 0.6 1 60 -681,258 -16 1,03 0 0 58,285
1000.0 2.0 0,992 70 0.7 -180 0,2 0,91 0.6 1 60 -752,589 -14 1,122 0 0 66,439
2000.0 2.0 0,992 60 0.7 -140 0,18 0,91 0.2 1 60 -754,579 -13,443 1,116 1 0 69,5
3000.0 5.0 0,992 70 0.7 -160 0,2 0,91 0.4 1 60 -707,029 -13,914 1,058 0 0 80,451
3000.0 1.0 0,992 60 0.7 -180 0,18 0,89 0.4 1 60 -912,501 -68,439 1,085 3 0 72,386
1000.0 1.0 0,992 60 0.7 -140 0,2 0,89 0.4 1 60 -1372,773 -335,554 1,069 4 2 61,237
2000.0 1.0 0,992 70 0.7 -180 0,22 0,87 0.4 1 60 -769,522 -15,581 1,187 0 0 72,937
3000.0 5.0 0,992 70 0.7 -180 0,18 0,91 0.4 1 60 -696,153 -12,914 1,044 0 0 78,998
3000.0 5.0 0,992 70 0.7 -140 0,2 0,87 0.6 1 60 -710,413 -13,581 1,073 0 0 80,343
3000.0 5.0 0,992 70 0.7 -140 0,22 0,89 0.4 1 60 -711,126 -12,914 1,094 0 0 75,499
2000.0 5.0 0,992 70 0.7 -140 0,22 0,89 0.4 1 60 -675,288 -13,581 1,054 0 0 73,859
2000.0 1.0 0,992 50 0.7 -160 0,22 0,87 0.2 1 60 -729,882 -12,581 1,124 0 0 55,41
3000.0 1.0 0,992 70 0.7 -160 0,22 0,91 0.2 1 60 -732,733 -22,021 1,084 1 0 79,801
3000.0 1.0 0,992 70 0.7 -140 0,2 0,87 0.6 1 60 -675,885 -12,581 1,033 0 0 79,282
1000.0 1.0 0,992 70 0.7 -140 0,22 0,91 0.6 1 60 -758,266 -12,248 1,143 0 0 67,798
2000.0 2.0 0,992 70 0.7 -140 0,18 0,89 0.4 1 60 -739,84 -28,549 1,059 1 0 77,718
2000.0 1.0 0,992 50 0.7 -160 0,22 0,87 0.2 1 60 -658,546 -12,248 1,012 0 0 57,46
2000.0 2.0 0,992 60 0.7 -160 0,18 0,91 0.6 1 60 -703,025 -12,914 1,055 0 0 65,689
3000.0 5.0 0,992 70 0.7 -140 0,18 0,89 0.6 1 60 -4255,995 -666,427 1,141 22 13 82,998
2000.0 2.0 0,992 60 0.7 -180 0,2 0,89 0.2 1 60 -740,929 -15,901 1,09 2 0 64,159
1000.0 1.0 0,992 70 0.7 -180 0,18 0,89 0.4 1 60 -797,875 -33,474 1,133 1 0 65,471
3000.0 1.0 0,992 70 0.7 -160 0,22 0,91 0.2 1 60 -660,374 -9,308 0,994 0 0 82,627
2000.0 5.0 0,992 70 0.7 -140 0,18 0,91 0.6 1 60 -1757,738 -360,849 1,059 9 2 77,905
2000.0 1.0 0,992 70 0.7 -140 0,2 0,87 0.6 1 60 -796,988 -42,15 1,116 1 0 75,141
2000.0 2.0 0,992 60 0.7 -160 0,18 0,91 0.6 1 60 -733,998 -12,581 1,096 0 0 63,881
2000.0 5.0 0,992 50 0.7 -180 0,22 0,91 0.6 1 60 -709,789 -12,914 1,097 0 0 53,973
3000.0 2.0 0,992 70 0.7 -140 0,2 0,91 0.2 1 60 -690,514 -12,248 1,051 0 0 85,325
2000.0 5.0 0,992 70 0.7 -140 0,22 0,91 0.4 1 60 -1316,918 -141,725 0,959 5 4 75,719
2000.0 5.0 0,992 50 0.7 -180 0,22 0,91 0.6 1 60 -720,592 -12,581 1,099 0 0 53,942
2000.0 2.0 0,992 60 0.7 -140 0,18 0,91 0.2 1 60 -676,251 -12,914 1,057 0 0 67,362
3000.0 2.0 0,992 50 0.7 -180 0,22 0,91 0.6 1 60 -781,968 -41,354 1,051 1 0 64,354
1000.0 5.0 0,992 70 0.7 -160 0,2 0,91 0.6 1 60 -995,519 -125,508 1,148 3 0 65,018
3000.0 1.0 0,992 70 0.7 -140 0,22 0,89 0.4 1 60 -677,995 -13,581 1,047 0 0 81,889
3000.0 1.0 0,992 70 0.7 -140 0,22 0,89 0.4 1 60 -773,166 -28,554 1,074 1 0 78,095
3000.0 2.0 0,992 50 0.7 -180 0,22 0,91 0.6 1 60 -749,402 -12,581 1,13 0 0 60,644
1000.0 1.0 0,992 70 0.7 -140 0,22 0,87 0.4 1 60 -721,022 -12,248 1,107 0 0 70,282
3000.0 1.0 0,992 70 0.7 -140 0,22 0,89 0.4 1 60 -709,133 -10,581 1,087 0 0 82,782
2000.0 2.0 0,992 70 0.7 -140 0,2 0,87 0.2 1 60 -663,916 -12,914 1,01 0 0 73,719
3000.0 2.0 0,992 70 0.7 -180 0,22 0,87 0.4 1 60 -707,579 -12,581 1,11 0 0 75,578
3000.0 1.0 0,992 70 0.7 -160 0,22 0,91 0.2 1 60 -702,819 -12,248 1,079 0 0 77,64
2000.0 5.0 0,992 70 0.7 -140 0,18 0,91 0.6 1 60 -2755,444 -485,027 1,075 15 6 77,813
3000.0 1.0 0,992 70 0.7 -160 0,2 0,87 0.2 1 60 -792,246 -17,001 1,094 3 0 80,685
3000.0 2.0 0,992 70 0.7 -140 0,18 0,91 0.6 1 60 -2104,761 -513,132 1,07 7 7 83,95
2000.0 1.0 0,992 60 0.7 -180 0,18 0,87 0.2 1 60 -772,898 -18,02 1,101 1 0 65,83