
1000.0 1.0 0,99 40 0.7 -150 0,16 0,92 0.3 1 60 -532,452 -7,926 0,944 0 0 36,088
1000.0 1.0 0,99 40 0.7 -150 0,16 0,92 0.3 1 60 -740,477 -121,076 0,952 4 1 29,947
1000.0 1.0 0,99 40 0.7 -150 0,16 0,92 0.3 1 60 -561,239 -56,556 0,853 1 1 37,714
2300.0 1.0 0,99 40 0.7 -110 0,16 0,92 0.3 1 60 -469,526 -7,025 0,855 0 0 42,3
2300.0 1.0 0,99 40 0.7 -110 0,16 0,92 0.3 1 60 -450,38 -7,704 0,88 0 0 37,774
2300.0 1.0 0,99 40 0.7 -110 0,16 0,92 0.3 1 60 -477,659 -7,247 0,876 0 0 39,57
2300.0 1.0 0,99 50 0.7 -70 0,18 0,94 0.3 1 60 -390,005 -6,114 0,776 0 0 44,288
2300.0 1.0 0,99 50 0.7 -70 0,18 0,94 0.3 1 60 -719,721 -85,297 0,754 4 2 44,637
2300.0 1.0 0,99 50 0.7 -70 0,18 0,94 0.3 1 60 -547,018 -83,208 0,736 3 0 40,453
1000.0 1.0 0,99 50 0.7 -150 0,16 0,92 0.3 1 60 -468,977 -7,889 0,875 0 0 37,237
1000.0 1.0 0,99 50 0.7 -150 0,16 0,92 0.3 1 60 -741,57 -75,874 0,907 4 1 38,104
1000.0 1.0 0,99 50 0.7 -150 0,16 0,92 0.3 1 60 -476,121 -7,46 0,902 0 0 34,237
3600.0 1.0 0,99 50 0.7 -110 0,2 0,94 0.3 1 60 -429,12 -6,16 0,827 0 0 44,366
3600.0 1.0 0,99 50 0.7 -110 0,2 0,94 0.3 1 60 -411,729 -6,706 0,796 0 0 45,95
3600.0 1.0 0,99 50 0.7 -110 0,2 0,94 0.3 1 60 -440,924 -6,316 0,847 0 0 42,519
3600.0 1.0 0,99 50 0.7 -70 0,14 0,92 0.3 1 60 -343,793 -7,134 0,685 0 0 43,973
3600.0 1.0 0,99 50 0.7 -70 0,14 0,92 0.3 1 60 -386,155 -6,316 0,763 0 0 49,484
3600.0 1.0 0,99 50 0.7 -70 0,14 0,92 0.3 1 60 -440,311 -6,249 0,835 0 0 54,696
3600.0 1.0 0,99 40 0.7 -150 0,16 0,9 0.3 1 60 -505,262 -8,664 0,965 0 0 34,602
3600.0 1.0 0,99 40 0.7 -150 0,16 0,9 0.3 1 60 -505,567 -7,37 0,956 0 0 44,403
3600.0 1.0 0,99 40 0.7 -150 0,16 0,9 0.3 1 60 -561,067 -20,755 0,937 1 0 40,897
5000.0 1.0 0,99 40 0.7 -70 0,16 0,94 0.3 1 60 -1792,382 -225,138 0,852 15 7 45,697
5000.0 1.0 0,99 40 0.7 -70 0,16 0,94 0.3 1 60 -844,469 -191,795 0,858 3 3 48,033
5000.0 1.0 0,99 40 0.7 -70 0,16 0,94 0.3 1 60 -553,755 -76,059 0,771 3 0 41,844
3600.0 1.0 0,99 40 0.7 -110 0,16 0,94 0.3 1 60 -361,061 -5,776 0,725 0 0 38,65
3600.0 1.0 0,99 40 0.7 -110 0,16 0,94 0.3 1 60 -891,668 -141,796 0,785 7 3 38,831
3600.0 1.0 0,99 40 0.7 -110 0,16 0,94 0.3 1 60 -403,12 -6,688 0,763 0 0 38,692
5000.0 1.0 0,99 50 0.7 -110 0,16 0,92 0.3 1 60 -447,073 -6,504 0,853 0 0 46,986
5000.0 1.0 0,99 50 0.7 -110 0,16 0,92 0.3 1 60 -429,716 -6,462 0,813 0 0 44,285
5000.0 1.0 0,99 50 0.7 -110 0,16 0,92 0.3 1 60 -437,908 -6,886 0,821 0 0 47,68
3600.0 1.0 0,99 50 0.7 -150 0,18 0,9 0.3 1 60 -491,069 -8,72 0,907 0 0 45,068
3600.0 1.0 0,99 50 0.7 -150 0,18 0,9 0.3 1 60 -421 -7,844 0,775 0 0 40,474
3600.0 1.0 0,99 50 0.7 -150 0,18 0,9 0.3 1 60 -494,367 -8,753 0,928 0 0 40,975
3600.0 1.0 0,99 50 0.7 -70 0,18 0,92 0.3 1 60 -419,334 -6,875 0,809 0 0 51,628
3600.0 1.0 0,99 50 0.7 -70 0,18 0,92 0.3 1 60 -739,358 -143,105 0,819 3 2 48,358
3600.0 1.0 0,99 50 0.7 -70 0,18 0,92 0.3 1 60 -402,671 -6,271 0,791 0 0 48,85
2300.0 1.0 0,99 50 0.7 -110 0,14 0,9 0.3 1 60 -464,564 -7,142 0,881 0 0 43,229
2300.0 1.0 0,99 50 0.7 -110 0,14 0,9 0.3 1 60 -488,393 -6,485 0,922 0 0 47,553
2300.0 1.0 0,99 50 0.7 -110 0,14 0,9 0.3 1 60 -457,944 -8,223 0,878 0 0 47,047
1000.0 1.0 0,99 40 0.7 -150 0,18 0,94 0.3 1 60 -562,049 -23,997 0,988 1 0 37,982
1000.0 1.0 0,99 40 0.7 -150 0,18 0,94 0.3 1 60 -508,774 -7,592 0,94 0 0 33,42
1000.0 1.0 0,99 40 0.7 -150 0,18 0,94 0.3 1 60 -458,425 -6,864 0,874 0 0 30,98
5000.0 1.0 0,99 40 0.7 -70 0,14 0,92 0.3 1 60 -911,992 -237,143 0,885 4 3 43,785
5000.0 1.0 0,99 40 0.7 -70 0,14 0,92 0.3 1 60 -467,856 -29,422 0,825 1 0 43,594
5000.0 1.0 0,99 40 0.7 -70 0,14 0,92 0.3 1 60 -856,791 -128,455 0,816 6 2 48,964
1000.0 1.0 0,99 40 0.7 -110 0,14 0,92 0.3 1 60 -506,865 -7,623 0,926 0 0 34,837
1000.0 1.0 0,99 40 0.7 -110 0,14 0,92 0.3 1 60 -419,6 -7,377 0,811 0 0 31,285
1000.0 1.0 0,99 40 0.7 -110 0,14 0,92 0.3 1 60 -475,749 -8,462 0,879 0 0 35,897
2300.0 1.0 0,99 40 0.7 -150 0,2 0,92 0.3 1 60 -477,032 -6,875 0,895 0 0 32,829
2300.0 1.0 0,99 40 0.7 -150 0,2 0,92 0.3 1 60 -479,623 -8,87 0,908 0 0 35,095
2300.0 1.0 0,99 40 0.7 -150 0,2 0,92 0.3 1 60 -472,128 -8,341 0,867 0 0 35,001
1000.0 1.0 0,99 50 0.7 -110 0,2 0,9 0.3 1 60 -496,712 -6,956 0,943 0 0 39,542
1000.0 1.0 0,99 50 0.7 -110 0,2 0,9 0.3 1 60 -455,276 -7,687 0,872 0 0 35,876
1000.0 1.0 0,99 50 0.7 -110 0,2 0,9 0.3 1 60 -443,076 -6,753 0,865 0 0 39,929
2300.0 1.0 0,99 40 0.7 -70 0,18 0,92 0.3 1 60 -563,362 -48,35 0,879 2 0 34,862
2300.0 1.0 0,99 40 0.7 -70 0,18 0,92 0.3 1 60 -459,892 -7,809 0,865 0 0 34,712
2300.0 1.0 0,99 40 0.7 -70 0,18 0,92 0.3 1 60 -446,228 -6,203 0,821 0 0 41,633
3600.0 1.0 0,99 50 0.7 -110 0,18 0,94 0.3 1 60 -427,957 -6,464 0,806 0 0 47,775
3600.0 1.0 0,99 50 0.7 -110 0,18 0,94 0.3 1 60 -415,111 -8,129 0,817 0 0 43,423
3600.0 1.0 0,99 50 0.7 -110 0,18 0,94 0.3 1 60 -416,925 -6,71 0,806 0 0 58,825
3600.0 1.0 0,99 40 0.7 -110 0,18 0,92 0.3 1 60 -664,222 -108,31 0,862 3 1 43,916
3600.0 1.0 0,99 40 0.7 -110 0,18 0,92 0.3 1 60 -1305,355 -230,561 0,892 7 7 43,643
3600.0 1.0 0,99 40 0.7 -110 0,18 0,92 0.3 1 60 -447,905 -6,448 0,866 0 0 54,493
1000.0 1.0 0,99 50 0.7 -70 0,16 0,9 0.3 1 60 -619,347 -96,479 0,842 3 0 68,653
1000.0 1.0 0,99 50 0.7 -70 0,16 0,9 0.3 1 60 -453,87 -6,142 0,868 0 0 55,394
1000.0 1.0 0,99 50 0.7 -70 0,16 0,9 0.3 1 60 -462,341 -7,257 0,881 0 0 58,538
5000.0 1.0 0,99 50 0.7 -70 0,18 0,9 0.3 1 60 -413,174 -6,984 0,8 0 0 66,862
5000.0 1.0 0,99 50 0.7 -70 0,18 0,9 0.3 1 60 -419,305 -6,815 0,801 0 0 57,788
5000.0 1.0 0,99 50 0.7 -70 0,18 0,9 0.3 1 60 -434,402 -6,482 0,812 0 0 51,116
5000.0 1.0 0,99 40 0.7 -70 0,18 0,92 0.3 1 60 -511,54 -7,289 0,95 0 0 40,88
5000.0 1.0 0,99 40 0.7 -70 0,18 0,92 0.3 1 60 -490,59 -8,094 0,894 0 0 44,25
5000.0 1.0 0,99 40 0.7 -70 0,18 0,92 0.3 1 60 -1673,71 -230,316 0,848 13 7 41,684
5000.0 1.0 0,99 40 0.7 -70 0,14 0,94 0.3 1 60 -966,581 -119,524 0,943 8 1 45,83
5000.0 1.0 0,99 40 0.7 -70 0,14 0,94 0.3 1 60 -690,652 -75,997 0,804 4 1 44,44
5000.0 1.0 0,99 40 0.7 -70 0,14 0,94 0.3 1 60 -1112,482 -198,978 0,864 6 4 42,719
2300.0 1.0 0,99 50 0.7 -110 0,16 0,94 0.3 1 60 -447,712 -7,24 0,871 0 0 44,924
2300.0 1.0 0,99 50 0.7 -110 0,16 0,94 0.3 1 60 -700,192 -127,721 0,848 3 1 47,176
2300.0 1.0 0,99 50 0.7 -110 0,16 0,94 0.3 1 60 -884,09 -124,177 0,8 7 2 43,284
3600.0 1.0 0,99 40 0.7 -70 0,2 0,9 0.3 1 60 -475,526 -6,957 0,884 0 0 36,796
3600.0 1.0 0,99 40 0.7 -70 0,2 0,9 0.3 1 60 -465,072 -5,65 0,888 0 0 37,452
3600.0 1.0 0,99 40 0.7 -70 0,2 0,9 0.3 1 60 -872,475 -169,1 0,931 5 2 54,754
3600.0 1.0 0,99 40 0.7 -110 0,2 0,94 0.3 1 60 -452,577 -6,56 0,862 0 0 55,564
3600.0 1.0 0,99 40 0.7 -110 0,2 0,94 0.3 1 60 -881,277 -202,58 0,849 6 2 53,54
3600.0 1.0 0,99 40 0.7 -110 0,2 0,94 0.3 1 60 -439,568 -7,208 0,842 0 0 38,054
3600.0 1.0 0,99 40 0.7 -150 0,2 0,9 0.3 1 60 -528,293 -9,483 0,968 0 0 34,151
3600.0 1.0 0,99 40 0.7 -150 0,2 0,9 0.3 1 60 -506,269 -6,605 0,934 0 0 35,505
3600.0 1.0 0,99 40 0.7 -150 0,2 0,9 0.3 1 60 -527,285 -7,354 0,973 0 0 36,418
3600.0 1.0 0,99 50 0.7 -110 0,18 0,94 0.3 1 60 -637,594 -82,974 0,825 3 1 45,077
3600.0 1.0 0,99 50 0.7 -110 0,18 0,94 0.3 1 60 -742,019 -174,957 0,778 2 3 55,515
3600.0 1.0 0,99 50 0.7 -110 0,18 0,94 0.3 1 60 -396,646 -7,149 0,769 0 0 62,19
5000.0 1.0 0,99 40 0.7 -150 0,14 0,92 0.3 1 60 -491,805 -7,755 0,929 0 0 36,216
5000.0 1.0 0,99 40 0.7 -150 0,14 0,92 0.3 1 60 -453,217 -7,543 0,842 0 0 43,914
5000.0 1.0 0,99 40 0.7 -150 0,14 0,92 0.3 1 60 -483,318 -7,284 0,914 0 0 40,834
5000.0 1.0 0,99 50 0.7 -110 0,18 0,92 0.3 1 60 -456,992 -6,81 0,86 0 0 61,212
5000.0 1.0 0,99 50 0.7 -110 0,18 0,92 0.3 1 60 -501,397 -21,02 0,871 1 0 53,7
5000.0 1.0 0,99 50 0.7 -110 0,18 0,92 0.3 1 60 -430,841 -7,652 0,84 0 0 54,963
2300.0 1.0 0,99 50 0.7 -70 0,2 0,92 0.3 1 60 -363,246 -7,354 0,716 0 0 49,619
2300.0 1.0 0,99 50 0.7 -70 0,2 0,92 0.3 1 60 -405,931 -5,591 0,795 0 0 63,926
2300.0 1.0 0,99 50 0.7 -70 0,2 0,92 0.3 1 60 -842,619 -113,48 0,82 6 2 67,155
1000.0 1.0 0,99 50 0.7 -150 0,14 0,94 0.3 1 60 -453,414 -6,781 0,873 0 0 72,637
1000.0 1.0 0,99 50 0.7 -150 0,14 0,94 0.3 1 60 -415,717 -6,652 0,81 0 0 58,47
1000.0 1.0 0,99 50 0.7 -150 0,14 0,94 0.3 1 60 -480,005 -6,749 0,913 0 0 53,294
1000.0 1.0 0,99 40 0.7 -150 0,16 0,92 0.3 1 60 -456,325 -8,462 0,85 0 0 47,56
1000.0 1.0 0,99 40 0.7 -150 0,16 0,92 0.3 1 60 -491,471 -9,331 0,923 0 0 57,086
1000.0 1.0 0,99 40 0.7 -150 0,16 0,92 0.3 1 60 -954,518 -231,964 0,915 4 3 46,267
1000.0 1.0 0,99 50 0.7 -110 0,16 0,94 0.3 1 60 -1228,36 -138,233 0,837 9 5 45,733
1000.0 1.0 0,99 50 0.7 -110 0,16 0,94 0.3 1 60 -429,103 -5,849 0,816 0 0 39,939
1000.0 1.0 0,99 50 0.7 -110 0,16 0,94 0.3 1 60 -1082,206 -181,058 0,869 6 4 40,236
2300.0 1.0 0,99 40 0.7 -110 0,2 0,9 0.3 1 60 -489,088 -7,223 0,9 0 0 35,439
2300.0 1.0 0,99 40 0.7 -110 0,2 0,9 0.3 1 60 -449,808 -8,151 0,828 0 0 42,758
2300.0 1.0 0,99 40 0.7 -110 0,2 0,9 0.3 1 60 -479,654 -7,552 0,918 0 0 36,125