
3000.0 1.0 0,992 80 0.7 -120 0,22 0,85 0.4 1 60 -2016,795 -185,157 1,235 9 4 214,795
2000.0 1.0 0,992 80 0.7 -180 0,18 0,87 0.1 1 60 -1354,785 -71,445 1,186 13 4 183,137
1000.0 1.0 0,992 80 0.7 -140 0,18 0,85 0.4 1 60 -3373,982 -415,321 1,138 22 9 159,389
1000.0 1.0 0,992 70 0.7 -180 0,18 0,89 0.25 1 60 -2675,548 -533,298 1,184 12 9 151,345
1000.0 1.0 0,992 80 0.7 -140 0,18 0,87 0.1 1 60 -1544,266 -165,318 1,138 12 2 167,736
1000.0 1.0 0,992 70 0.7 -120 0,18 0,87 0.25 1 60 -3162,631 -502,591 1,188 21 9 162,087
3000.0 1.0 0,992 70 0.7 -180 0,2 0,85 0.25 1 60 -985,672 -21,965 1,238 2 0 164,565
1000.0 1.0 0,992 70 0.7 -120 0,2 0,89 0.1 1 60 -1764,099 -259,481 1,165 22 1 183,07
3000.0 1.0 0,992 70 0.7 -140 0,22 0,87 0.4 1 60 -4277,679 -938,527 1,147 24 13 233,882
1000.0 1.0 0,992 70 0.7 -160 0,22 0,85 0.1 1 60 -1351,314 -78,531 1,171 13 2 349,223
3000.0 1.0 0,992 80 0.7 -160 0,2 0,87 0.4 1 60 -3918,69 -625,363 1,188 22 12 544,424
1000.0 1.0 0,992 70 0.7 -160 0,18 0,87 0.25 1 60 -2256,81 -265,882 1,168 17 5 397,419
3000.0 1.0 0,992 70 0.7 -180 0,22 0,89 0.1 1 60 -2881,724 -510,995 1,192 30 9 426,017
2000.0 1.0 0,992 70 0.7 -120 0,18 0,85 0.25 1 60 -1144,452 -70,496 1,143 5 1 363,22
3000.0 1.0 0,992 70 0.7 -140 0,18 0,89 0.1 1 60 -2776,999 -649,962 1,157 17 10 169,033
1000.0 1.0 0,992 80 0.7 -120 0,2 0,89 0.4 1 60 -4443,61 -369,992 1,185 31 13 180,153
3000.0 1.0 0,992 80 0.7 -180 0,22 0,89 0.4 1 60 -2894,816 -425,175 1,128 17 7 190,947
1000.0 1.0 0,992 70 0.7 -140 0,22 0,87 0.1 1 60 -1150,28 -47,223 1,232 9 2 147,861
1000.0 1.0 0,992 80 0.7 -160 0,18 0,85 0.25 1 60 -2834,607 -520,956 1,158 24 5 159,019
3000.0 1.0 0,992 80 0.7 -120 0,22 0,87 0.25 1 60 -3950,207 -937,424 1,131 21 17 199,763
3000.0 1.0 0,992 70 0.7 -160 0,18 0,85 0.4 1 60 -1175,659 -37,543 1,221 4 1 187,025
2000.0 1.0 0,992 70 0.7 -160 0,18 0,87 0.25 1 60 -1796,51 -234,569 1,154 12 3 179,164
2000.0 1.0 0,992 80 0.7 -140 0,2 0,85 0.1 1 60 -984,556 -35,35 1,169 6 2 180,89
2000.0 1.0 0,992 70 0.7 -120 0,18 0,87 0.1 1 60 -1048,96 -49,332 1,201 7 1 168,835
1000.0 1.0 0,992 70 0.7 -180 0,18 0,85 0.1 1 60 -1136,113 -62,417 1,224 8 2 138,132
3000.0 1.0 0,992 70 0.7 -140 0,2 0,89 0.1 1 60 -1879,81 -202,748 1,154 18 5 180,94
1000.0 1.0 0,992 80 0.7 -140 0,18 0,85 0.1 1 60 -2860,86 -474,805 1,187 22 10 165,449
1000.0 1.0 0,992 70 0.7 -120 0,18 0,89 0.4 1 60 -3554,605 -370,074 1,153 22 8 159,219
1000.0 1.0 0,992 80 0.7 -180 0,22 0,85 0.4 1 60 -2328,428 -352,149 1,133 12 6 160,371
3000.0 1.0 0,992 80 0.7 -180 0,22 0,87 0.1 1 60 -994,182 -21,101 1,149 6 1 182,038
3000.0 1.0 0,992 70 0.7 -160 0,18 0,89 0.4 1 60 -6582,18 -658,313 1,177 44 21 177,689
3000.0 1.0 0,992 70 0.7 -140 0,22 0,89 0.1 1 60 -1011,638 -35,305 1,174 6 1 171,336
3000.0 1.0 0,992 70 0.7 -140 0,2 0,89 0.4 1 60 -7978,736 -763,716 1,07 52 24 194,612
3000.0 1.0 0,992 80 0.7 -180 0,22 0,89 0.4 1 60 -1038,964 -51,105 1,166 3 0 189,75
3000.0 1.0 0,992 80 0.7 -160 0,2 0,85 0.25 1 60 -1288,529 -77,742 1,148 6 5 197,681
3000.0 1.0 0,992 70 0.7 -120 0,2 0,89 0.4 1 60 -3587,946 -575,075 1,153 23 10 180,584
3000.0 1.0 0,992 80 0.7 -180 0,2 0,85 0.4 1 60 -2697,389 -590,581 1,142 14 7 187,67
2000.0 1.0 0,992 70 0.7 -160 0,18 0,85 0.25 1 60 -991,688 -47,318 1,095 2 2 155,781
3000.0 1.0 0,992 80 0.7 -120 0,18 0,85 0.4 1 60 -2960,262 -552,597 1,106 17 10 191,822
1000.0 1.0 0,992 70 0.7 -180 0,22 0,89 0.25 1 60 -5012,258 -995,132 1,202 27 23 146,764
2000.0 1.0 0,992 70 0.7 -180 0,18 0,85 0.25 1 60 -6524,413 -1225,015 1,256 29 26 156,347
1000.0 1.0 0,992 70 0.7 -120 0,2 0,87 0.1 1 60 -1110,095 -69,497 1,144 8 2 144,096
1000.0 1.0 0,992 70 0.7 -140 0,22 0,85 0.1 1 60 -1252,821 -121,997 1,231 7 3 138,731
3000.0 1.0 0,992 80 0.7 -120 0,22 0,89 0.1 1 60 -5914,915 -1090,52 1,137 46 18 202,248
1000.0 1.0 0,992 80 0.7 -120 0,18 0,89 0.4 1 60 -4223,446 -597,552 1,157 26 12 176,302
2000.0 1.0 0,992 80 0.7 -160 0,22 0,85 0.4 1 60 -1423,728 -69,041 1,171 8 1 183,399
3000.0 1.0 0,992 70 0.7 -180 0,22 0,89 0.4 1 60 -1236,58 -38,176 1,24 5 0 171,317
3000.0 1.0 0,992 70 0.7 -140 0,22 0,89 0.25 1 60 -2465,062 -448,064 1,219 17 4 185,634
2000.0 1.0 0,992 80 0.7 -180 0,18 0,87 0.25 1 60 -1973,132 -202,408 1,08 16 4 185,918
1000.0 1.0 0,992 80 0.7 -160 0,18 0,85 0.25 1 60 -2236,853 -351,448 1,171 15 3 156,657
2000.0 1.0 0,992 70 0.7 -180 0,22 0,89 0.1 1 60 -1006,979 -48,999 1,173 7 0 155,367
3000.0 1.0 0,992 70 0.7 -180 0,18 0,85 0.1 1 60 -1157,568 -43,298 1,18 10 2 168,84
1000.0 1.0 0,992 80 0.7 -120 0,22 0,85 0.25 1 60 -2855,244 -408,345 1,174 18 7 165,415
2000.0 1.0 0,992 70 0.7 -140 0,22 0,87 0.25 1 60 -5400,645 -465,317 1,165 45 19 178,33
2000.0 1.0 0,992 70 0.7 -180 0,2 0,87 0.25 1 60 -1200,301 -76,014 1,129 7 2 166,595
2000.0 1.0 0,992 70 0.7 -140 0,18 0,89 0.25 1 60 -2310,714 -440,343 1,087 15 7 169,942
2000.0 1.0 0,992 70 0.7 -180 0,22 0,85 0.1 1 60 -1332,249 -65,659 1,31 8 1 162,812
1000.0 1.0 0,992 80 0.7 -120 0,2 0,89 0.25 1 60 -2754,793 -517,304 1,145 17 10 161,575
2000.0 1.0 0,992 70 0.7 -160 0,18 0,85 0.25 1 60 -2519,574 -398,845 1,188 16 7 165,798
2000.0 1.0 0,992 70 0.7 -120 0,18 0,87 0.25 1 60 -2470,625 -274,697 1,18 21 6 176,9
2000.0 1.0 0,992 80 0.7 -120 0,22 0,87 0.1 1 60 -1397,889 -154,538 1,129 10 5 186,262
2000.0 1.0 0,992 80 0.7 -180 0,2 0,89 0.4 1 60 -5173,231 -926,495 1,231 30 16 181,179
1000.0 1.0 0,992 80 0.7 -140 0,22 0,85 0.1 1 60 -1057,753 -41,298 1,136 5 3 153,653
3000.0 1.0 0,992 80 0.7 -160 0,22 0,85 0.25 1 60 -1346,943 -106,862 1,174 5 4 186,283
1000.0 1.0 0,992 80 0.7 -180 0,22 0,89 0.1 1 60 -1287,016 -80,09 1,208 11 2 164,956
3000.0 1.0 0,992 70 0.7 -180 0,22 0,87 0.25 1 60 -1128,331 -47,344 1,247 5 0 167,938
3000.0 1.0 0,992 70 0.7 -180 0,18 0,85 0.4 1 60 -1158,253 -82,051 1,244 3 2 168,856
1000.0 1.0 0,992 80 0.7 -160 0,22 0,89 0.4 1 60 -5582,756 -961,176 1,237 30 21 372,269
1000.0 1.0 0,992 80 0.7 -120 0,18 0,85 0.1 1 60 -2683,999 -382,504 1,133 24 5 490,604
2000.0 1.0 0,992 80 0.7 -140 0,2 0,85 0.1 1 60 -1420,299 -81,059 1,194 20 1 602,474
1000.0 1.0 0,992 70 0.7 -180 0,18 0,85 0.1 1 60 -1063,55 -47,223 1,202 6 4 147,574
1000.0 1.0 0,992 70 0.7 -140 0,2 0,85 0.1 1 60 -1142,065 -32,597 1,219 11 1 141,797
3000.0 1.0 0,992 80 0.7 -160 0,2 0,87 0.25 1 60 -1519,78 -215,08 1,171 11 2 187,595
2000.0 1.0 0,992 80 0.7 -140 0,2 0,89 0.25 1 60 -3824,801 -614,795 1,129 26 11 181,772
2000.0 1.0 0,992 70 0.7 -120 0,18 0,85 0.25 1 60 -1238,639 -66,089 1,143 9 0 165,284
3000.0 1.0 0,992 70 0.7 -160 0,22 0,85 0.25 1 60 -7364,772 -1056,155 1,195 46 37 166,354
2000.0 1.0 0,992 70 0.7 -180 0,22 0,89 0.1 1 60 -995,415 -20,501 1,219 5 0 153,658
2000.0 1.0 0,992 80 0.7 -120 0,22 0,87 0.1 1 60 -1223,545 -53,606 1,217 15 1 179,561
1000.0 1.0 0,992 70 0.7 -120 0,2 0,85 0.1 1 60 -1138,167 -45,077 1,155 9 4 145,664
3000.0 1.0 0,992 80 0.7 -120 0,22 0,89 0.4 1 60 -6313,553 -544,265 1,068 43 19 220,032
3000.0 1.0 0,992 70 0.7 -180 0,22 0,89 0.4 1 60 -3409,262 -502,165 1,176 18 10 170,916
3000.0 1.0 0,992 70 0.7 -180 0,18 0,85 0.1 1 60 -1125,832 -73,701 1,206 8 2 162,516
2000.0 1.0 0,992 70 0.7 -160 0,22 0,87 0.4 1 60 -2629,427 -401,173 1,154 14 6 157,415
3000.0 1.0 0,992 70 0.7 -160 0,18 0,85 0.4 1 60 -4237,086 -701,204 1,269 24 11 178,379
1000.0 1.0 0,992 70 0.7 -120 0,18 0,89 0.1 1 60 -2973,569 -651,841 1,149 22 14 151,927
2000.0 1.0 0,992 80 0.7 -120 0,18 0,87 0.25 1 60 -1223,878 -53,634 1,204 8 0 195,539
2000.0 1.0 0,992 70 0.7 -140 0,18 0,85 0.1 1 60 -1070,244 -73,111 1,19 4 1 157,902
2000.0 1.0 0,992 70 0.7 -120 0,18 0,85 0.1 1 60 -2388,968 -315,793 1,15 21 5 163,329
3000.0 1.0 0,992 70 0.7 -180 0,22 0,85 0.1 1 60 -1195,344 -45,376 1,216 14 1 160,11
1000.0 1.0 0,992 70 0.7 -180 0,18 0,85 0.1 1 60 -1029,056 -33,511 1,23 6 1 135,35
1000.0 1.0 0,992 70 0.7 -140 0,22 0,87 0.1 1 60 -1098,913 -45,604 1,208 8 0 142,892
3000.0 1.0 0,992 70 0.7 -180 0,2 0,85 0.25 1 60 -1345,134 -65,282 1,248 8 3 169,397
3000.0 1.0 0,992 80 0.7 -180 0,18 0,85 0.4 1 60 -2965,131 -551,331 1,23 21 5 190,829
3000.0 1.0 0,992 80 0.7 -180 0,22 0,87 0.1 1 60 -1210,577 -66,564 1,157 14 2 188,205
1000.0 1.0 0,992 70 0.7 -140 0,18 0,85 0.1 1 60 -2762,901 -394,374 1,149 19 9 142,601
2000.0 1.0 0,992 70 0.7 -180 0,2 0,87 0.25 1 60 -3277,073 -711,763 1,256 16 15 160,278
2000.0 1.0 0,992 70 0.7 -160 0,18 0,85 0.25 1 60 -2890,452 -416,723 1,207 19 9 160,533
1000.0 1.0 0,992 70 0.7 -180 0,18 0,89 0.25 1 60 -3670,876 -360,539 1,247 28 9 142,013
3000.0 1.0 0,992 70 0.7 -140 0,22 0,89 0.1 1 60 -1144,793 -46,266 1,184 9 2 169,787
3000.0 1.0 0,992 80 0.7 -160 0,22 0,87 0.25 1 60 -1108,157 -51,585 1,12 6 1 190,944
1000.0 1.0 0,992 70 0.7 -160 0,22 0,85 0.4 1 60 -3991,435 -870,248 1,215 18 13 135,524
2000.0 1.0 0,992 70 0.7 -180 0,22 0,89 0.1 1 60 -1146,45 -64,144 1,245 6 2 156,358
3000.0 1.0 0,992 70 0.7 -140 0,22 0,89 0.4 1 60 -2019,074 -275,22 1,24 15 1 175,613
3000.0 1.0 0,992 70 0.7 -180 0,18 0,85 0.1 1 60 -1115,995 -38,355 1,192 8 3 164,129
1000.0 1.0 0,992 70 0.7 -180 0,18 0,85 0.1 1 60 -1262,66 -73,006 1,239 11 3 137,621
2000.0 1.0 0,992 70 0.7 -140 0,18 0,85 0.1 1 60 -1234,046 -42,432 1,225 10 3 163,207
1000.0 1.0 0,992 70 0.7 -140 0,22 0,87 0.4 1 60 -2917,417 -386,552 1,134 17 9 148,601
2000.0 1.0 0,992 70 0.7 -120 0,18 0,85 0.1 1 60 -2226,802 -402,418 1,202 19 10 165,272
1000.0 1.0 0,992 70 0.7 -120 0,22 0,85 0.1 1 60 -1195,093 -98,764 1,192 7 2 140,582
3000.0 1.0 0,992 80 0.7 -140 0,22 0,87 0.25 1 60 -2379,886 -456,889 1,087 17 5 221,883
2000.0 1.0 0,992 70 0.7 -180 0,22 0,87 0.25 1 60 -1741,369 -200,902 1,207 14 2 460,32
1000.0 1.0 0,992 70 0.7 -180 0,18 0,87 0.25 1 60 -3285,218 -639,585 1,131 24 9 387,566
3000.0 1.0 0,992 70 0.7 -180 0,2 0,85 0.25 1 60 -1374,092 -51,834 1,274 9 0 477,106
2000.0 1.0 0,992 80 0.7 -140 0,18 0,89 0.1 1 60 -2974,215 -379,002 1,153 21 12 596,749
3000.0 1.0 0,992 70 0.7 -180 0,22 0,89 0.1 1 60 -2102,892 -310,195 1,179 15 6 455,925
3000.0 1.0 0,992 80 0.7 -120 0,22 0,89 0.4 1 60 -4972,998 -549,577 1,201 32 13 253,711
1000.0 1.0 0,992 70 0.7 -180 0,18 0,85 0.4 1 60 -1372,083 -94,191 1,232 6 2 562,621
3000.0 1.0 0,992 70 0.7 -180 0,22 0,85 0.1 1 60 -1171,569 -52,948 1,135 12 2 684,985
1000.0 1.0 0,992 70 0.7 -180 0,18 0,85 0.1 1 60 -1283,3 -81,74 1,303 8 4 551,855
1000.0 1.0 0,992 70 0.7 -120 0,22 0,89 0.1 1 60 -2410,81 -435,847 1,152 13 8 392,769
1000.0 1.0 0,992 70 0.7 -180 0,18 0,85 0.4 1 60 -1329,025 -130,374 1,167 6 2 149,68
2000.0 1.0 0,992 70 0.7 -160 0,18 0,85 0.25 1 60 -1125,927 -89,899 1,196 5 0 160,186
1000.0 1.0 0,992 80 0.7 -140 0,2 0,85 0.1 1 60 -1264,93 -55,272 1,147 19 1 158,583
3000.0 1.0 0,992 70 0.7 -180 0,22 0,89 0.1 1 60 -1122,321 -54,519 1,162 6 3 166,437
1000.0 1.0 0,992 70 0.7 -160 0,22 0,87 0.1 1 60 -1372,97 -106,139 1,205 14 3 139,431
1000.0 1.0 0,992 70 0.7 -120 0,18 0,85 0.1 1 60 -1197,048 -69,263 1,223 9 4 147,023
2000.0 1.0 0,992 70 0.7 -160 0,18 0,85 0.25 1 60 -1281,821 -68,907 1,207 7 2 161,389
2000.0 1.0 0,992 70 0.7 -160 0,18 0,85 0.25 1 60 -1079,256 -44,715 1,148 6 0 156,031
1000.0 1.0 0,992 70 0.7 -120 0,18 0,85 0.1 1 60 -1079,543 -50,792 1,106 6 3 142,974
3000.0 1.0 0,992 80 0.7 -160 0,22 0,87 0.25 1 60 -1064,747 -31,388 1,2 5 0 187,699
1000.0 1.0 0,992 70 0.7 -160 0,22 0,87 0.1 1 60 -1040,232 -48,625 1,145 5 1 139,857
3000.0 1.0 0,992 70 0.7 -180 0,22 0,87 0.25 1 60 -1155,917 -49,571 1,22 5 1 167,117
2000.0 1.0 0,992 80 0.7 -140 0,18 0,89 0.1 1 60 -959,919 -40,048 1,145 4 0 180,439
2000.0 1.0 0,992 80 0.7 -180 0,2 0,85 0.1 1 60 -1202,117 -43,957 1,211 10 1 177,094
1000.0 1.0 0,992 70 0.7 -180 0,18 0,89 0.25 1 60 -3373,937 -474,84 1,184 19 12 141,604
3000.0 1.0 0,992 70 0.7 -180 0,2 0,85 0.25 1 60 -1314,344 -68,607 1,213 8 2 169,014
3000.0 1.0 0,992 70 0.7 -180 0,22 0,85 0.1 1 60 -1358,371 -68,913 1,134 20 1 170,002
1000.0 1.0 0,992 80 0.7 -140 0,18 0,85 0.1 1 60 -1063,193 -29,056 1,146 8 2 156,439
3000.0 1.0 0,992 70 0.7 -180 0,18 0,85 0.1 1 60 -1422,177 -61,049 1,311 14 0 172,269
2000.0 1.0 0,992 70 0.7 -160 0,22 0,89 0.25 1 60 -2440,464 -429,055 1,175 12 7 167,54
2000.0 1.0 0,992 80 0.7 -160 0,22 0,87 0.25 1 60 -3653,723 -532,927 1,072 24 11 169,37
2000.0 1.0 0,992 70 0.7 -180 0,2 0,89 0.25 1 60 -2723,226 -504,942 1,18 21 5 158,593
3000.0 1.0 0,992 70 0.7 -180 0,22 0,85 0.1 1 60 -1228,446 -67,778 1,085 14 4 157,618
3000.0 1.0 0,992 70 0.7 -180 0,22 0,89 0.1 1 60 -1063,012 -28,433 1,162 8 0 168,376
1000.0 1.0 0,992 80 0.7 -160 0,22 0,85 0.1 1 60 -1257,627 -73,908 1,217 11 2 151,204
3000.0 1.0 0,992 80 0.7 -120 0,18 0,89 0.1 1 60 -2422,635 -313,772 1,174 17 6 213,592
3000.0 1.0 0,992 80 0.7 -140 0,18 0,85 0.1 1 60 -1003,403 -40,051 1,156 7 0 185,497
1000.0 1.0 0,992 80 0.7 -180 0,2 0,85 0.1 1 60 -1128,363 -44,598 1,184 8 2 153,062
2000.0 1.0 0,992 80 0.7 -160 0,18 0,89 0.4 1 60 -3047,635 -324,766 1,149 17 9 186,102
1000.0 1.0 0,992 70 0.7 -140 0,18 0,85 0.25 1 60 -1097,79 -26,805 1,217 4 1 144,298
3000.0 1.0 0,992 80 0.7 -180 0,18 0,85 0.1 1 60 -1164,31 -67,922 1,201 9 2 183,716
2000.0 1.0 0,992 70 0.7 -120 0,18 0,85 0.1 1 60 -1137,947 -49,665 1,197 10 1 166,388
2000.0 1.0 0,992 70 0.7 -120 0,18 0,85 0.25 1 60 -2483,418 -351,92 1,237 21 6 161,214
1000.0 1.0 0,992 70 0.7 -160 0,22 0,87 0.1 1 60 -1072,515 -24,916 1,197 9 2 139,249
3000.0 1.0 0,992 80 0.7 -160 0,22 0,87 0.25 1 60 -1057,132 -29,435 1,123 4 2 182,341
3000.0 1.0 0,992 80 0.7 -160 0,22 0,87 0.25 1 60 -1148,973 -45,825 1,169 7 0 190,895
3000.0 1.0 0,992 70 0.7 -180 0,2 0,85 0.25 1 60 -1060,146 -52,57 1,184 5 0 163,87
1000.0 1.0 0,992 70 0.7 -140 0,18 0,89 0.1 1 60 -1165,96 -57,733 1,204 11 2 146,983
3000.0 1.0 0,992 70 0.7 -180 0,22 0,87 0.25 1 60 -3001,51 -533,577 1,171 24 11 176,959
1000.0 1.0 0,992 70 0.7 -120 0,2 0,89 0.1 1 60 -2514,166 -397,506 1,269 18 8 148,761
1000.0 1.0 0,992 80 0.7 -160 0,18 0,89 0.1 1 60 -1056,079 -47,761 1,14 10 0 162,211
1000.0 1.0 0,992 80 0.7 -160 0,18 0,89 0.1 1 60 -1075,471 -19,238 1,257 6 1 166,818
1000.0 1.0 0,992 70 0.7 -160 0,22 0,87 0.1 1 60 -1324,842 -39,043 1,248 12 4 142,136
1000.0 1.0 0,992 80 0.7 -140 0,22 0,85 0.25 1 60 -2636,635 -474,433 1,249 17 10 155,509
2000.0 1.0 0,992 70 0.7 -120 0,18 0,85 0.1 1 60 -1025,682 -67,823 1,112 5 3 157,762
1000.0 1.0 0,992 70 0.7 -140 0,18 0,89 0.1 1 60 -5460,262 -999,283 1,21 35 21 146,176
1000.0 1.0 0,992 80 0.7 -160 0,18 0,89 0.1 1 60 -1123,472 -38,059 1,246 9 1 168,576
1000.0 1.0 0,992 80 0.7 -140 0,22 0,85 0.25 1 60 -1391,636 -63,917 1,201 11 2 161,366
1000.0 1.0 0,992 70 0.7 -180 0,18 0,85 0.4 1 60 -2994,928 -464,9 1,197 18 8 141,442
2000.0 1.0 0,992 80 0.7 -180 0,2 0,85 0.1 1 60 -1177,718 -42,311 1,232 11 1 185,276
2000.0 1.0 0,992 80 0.7 -160 0,2 0,87 0.25 1 60 -1286,493 -89,267 1,138 10 1 177,501
3000.0 1.0 0,992 80 0.7 -120 0,22 0,89 0.4 1 60 -4957,336 -663,858 1,18 38 14 212,686
1000.0 1.0 0,992 80 0.7 -120 0,18 0,85 0.25 1 60 -3024,379 -680,784 1,168 16 11 158,377
2000.0 1.0 0,992 80 0.7 -160 0,2 0,87 0.25 1 60 -1142,537 -67,62 1,174 6 1 186,952
2000.0 1.0 0,992 80 0.7 -160 0,2 0,87 0.25 1 60 -1974,12 -237,026 1,168 12 5 180,249
1000.0 1.0 0,992 80 0.7 -120 0,2 0,85 0.25 1 60 -2119,922 -192,883 1,219 16 4 166,065
2000.0 1.0 0,992 70 0.7 -140 0,22 0,89 0.1 1 60 -1010,767 -24,335 1,208 7 1 159,957
2000.0 1.0 0,992 80 0.7 -160 0,2 0,89 0.1 1 60 -1100,541 -56,43 1,114 7 3 176,11
3000.0 1.0 0,992 70 0.7 -120 0,18 0,85 0.25 1 60 -2227,129 -283,935 1,179 14 4 182,816
3000.0 1.0 0,992 70 0.7 -160 0,2 0,85 0.1 1 60 -1124,624 -46,993 1,194 11 2 161,193
1000.0 1.0 0,992 70 0.7 -140 0,18 0,89 0.1 1 60 -1048,969 -45,485 1,197 6 2 141,335
3000.0 1.0 0,992 80 0.7 -160 0,2 0,87 0.1 1 60 -875,315 -21,62 1,129 4 0 183,624
3000.0 1.0 0,992 80 0.7 -160 0,22 0,87 0.25 1 60 -2923,654 -380,277 1,194 23 7 186,871
3000.0 1.0 0,992 70 0.7 -120 0,18 0,89 0.1 1 60 -984,051 -42,942 1,119 5 1 168,165
3000.0 1.0 0,992 70 0.7 -180 0,18 0,87 0.4 1 60 -1083,508 -39,5 1,174 3 1 166,082
1000.0 1.0 0,992 70 0.7 -180 0,22 0,87 0.25 1 60 -3820,182 -625,897 1,17 32 12 137,523
1000.0 1.0 0,992 80 0.7 -140 0,22 0,85 0.1 1 60 -1187,063 -80,377 1,113 15 2 159,121
2000.0 1.0 0,992 80 0.7 -140 0,22 0,85 0.25 1 60 -3444,152 -497,575 1,195 24 10 181,944
2000.0 1.0 0,992 70 0.7 -180 0,2 0,85 0.1 1 60 -1350,855 -108,039 1,215 15 4 157,529
2000.0 1.0 0,992 80 0.7 -120 0,18 0,85 0.1 1 60 -1150,325 -34,305 1,199 10 1 173,288
1000.0 1.0 0,992 80 0.7 -120 0,18 0,85 0.25 1 60 -966,187 -46,721 1,126 3 0 157,15
1000.0 1.0 0,992 80 0.7 -160 0,18 0,87 0.1 1 60 -1134,778 -46,732 1,169 9 0 160,765
2000.0 1.0 0,992 80 0.7 -160 0,2 0,89 0.25 1 60 -1021,128 -54,818 1,161 4 0 178,422
2000.0 1.0 0,992 70 0.7 -120 0,18 0,85 0.25 1 60 -2032,759 -215,67 1,182 18 3 165,087
3000.0 1.0 0,992 80 0.7 -140 0,18 0,85 0.1 1 60 -1200,811 -66,127 1,165 11 4 190,087
2000.0 1.0 0,992 70 0.7 -180 0,2 0,85 0.25 1 60 -1183,799 -94,557 1,201 6 1 153,344
1000.0 1.0 0,992 70 0.7 -120 0,2 0,87 0.1 1 60 -3833,855 -798,404 1,198 27 11 144,422
1000.0 1.0 0,992 70 0.7 -140 0,18 0,89 0.1 1 60 -1604,034 -221,6 1,188 14 4 146,009
1000.0 1.0 0,992 70 0.7 -140 0,18 0,89 0.1 1 60 -2826,824 -262,528 1,175 23 14 150,63
1000.0 1.0 0,992 80 0.7 -160 0,18 0,87 0.1 1 60 -1046,318 -46,272 1,186 9 0 155,043
2000.0 1.0 0,992 80 0.7 -160 0,2 0,89 0.25 1 60 -1558,809 -275,189 1,143 9 2 175,514
3000.0 1.0 0,992 80 0.7 -160 0,22 0,87 0.25 1 60 -1189,08 -141,316 1,164 6 1 191,44
3000.0 1.0 0,992 70 0.7 -160 0,22 0,85 0.4 1 60 -1439,67 -92,194 1,222 9 0 167,218
1000.0 1.0 0,992 80 0.7 -160 0,18 0,87 0.1 1 60 -1077,925 -26,951 1,196 8 1 169,685
3000.0 1.0 0,992 80 0.7 -180 0,22 0,89 0.4 1 60 -4116,547 -784,419 1,199 20 14 208,761
1000.0 1.0 0,992 70 0.7 -180 0,2 0,87 0.4 1 60 -2046,318 -336,644 1,179 13 2 149,097
3000.0 1.0 0,992 70 0.7 -160 0,22 0,85 0.4 1 60 -914,929 -31,479 1,17 1 0 161,301
2000.0 1.0 0,992 70 0.7 -180 0,2 0,85 0.25 1 60 -2702,024 -320,388 1,257 18 7 160,265
3000.0 1.0 0,992 80 0.7 -160 0,22 0,87 0.25 1 60 -1056,533 -54,54 1,168 3 1 187,114
1000.0 1.0 0,992 80 0.7 -160 0,18 0,87 0.1 1 60 -1264,135 -52,505 1,238 12 3 160,386
2000.0 1.0 0,992 80 0.7 -140 0,22 0,85 0.25 1 60 -968,668 -45,681 1,09 4 0 186,341
3000.0 1.0 0,992 70 0.7 -160 0,22 0,85 0.1 1 60 -1088,542 -70,387 1,13 6 3 160,157