4000.0 1.0 0,991 45 0.7 -90 0,2 0,92 0.3 1 60 -1004,573 -151,946 1,003 6 1 66,744
4000.0 1.0 0,991 55 0.7 -90 0,16 0,92 0.3 1 60 -1509,938 -219,325 1,047 14 3 81,7
2000.0 1.0 0,991 55 0.7 -170 0,2 0,94 0.3 1 60 -708,148 -9,51 1,099 0 0 66,989
4000.0 1.0 0,991 55 0.7 -130 0,2 0,92 0.3 1 60 -742,009 -15,914 1,111 0 0 94,447
4000.0 1.0 0,991 45 0.7 -70 0,18 0,9 0.3 1 60 -1628,745 -281,227 1,032 9 6 69,049
2000.0 1.0 0,991 55 0.7 -130 0,18 0,94 0.3 1 60 -716,313 -12,51 1,09 0 0 71,087
2000.0 1.0 0,991 45 0.7 -90 0,18 0,92 0.3 1 60 -2054,624 -217,781 0,972 18 7 62,404
2000.0 1.0 0,991 45 0.7 -90 0,16 0,94 0.3 1 60 -1099,31 -144,856 1,062 7 2 63,301
4000.0 1.0 0,991 55 0.7 -90 0,18 0,94 0.3 1 60 -666,385 -9,667 1,02 0 0 78,369
3000.0 1.0 0,991 55 0.7 -90 0,16 0,9 0.3 1 60 -799,357 -79,356 1,015 2 1 80,04
4000.0 1.0 0,991 55 0.7 -70 0,2 0,94 0.3 1 60 -1149,212 -96,763 1,026 8 1 81,788
4000.0 1.0 0,991 45 0.7 -170 0,2 0,9 0.3 1 60 -778,746 -21,666 1,149 1 0 59,92
2000.0 1.0 0,991 45 0.7 -70 0,16 0,9 0.3 1 60 -789,965 -63,567 1,011 2 0 62,7
3000.0 1.0 0,991 55 0.7 -130 0,16 0,94 0.3 1 60 -668,313 -14,581 1,004 0 0 72,385
4000.0 1.0 0,991 45 0.7 -130 0,18 0,94 0.3 1 60 -781,093 -53,087 1,049 2 0 65,659
3000.0 1.0 0,991 45 0.7 -90 0,18 0,92 0.3 1 60 -724,19 -14,844 1,078 0 0 63,785
3000.0 1.0 0,991 55 0.7 -130 0,18 0,9 0.3 1 60 -726,983 -12,248 1,127 0 0 71,064
4000.0 1.0 0,991 55 0.7 -130 0,2 0,94 0.3 1 60 -742,597 -10,054 1,121 0 0 75,89
4000.0 1.0 0,991 45 0.7 -70 0,2 0,9 0.3 1 60 -1542,162 -213,706 1,042 11 4 63,845
4000.0 1.0 0,991 55 0.7 -170 0,18 0,9 0.3 1 60 -702,935 -12,581 1,084 0 0 72,278
4000.0 1.0 0,991 55 0.7 -170 0,16 0,92 0.3 1 60 -1560,46 -289,584 1,103 9 4 74,56
3000.0 1.0 0,991 55 0.7 -70 0,2 0,9 0.3 1 60 -687,736 -7,912 1,036 0 0 71,882
3000.0 1.0 0,991 55 0.7 -130 0,18 0,94 0.3 1 60 -2489,714 -375,322 1,109 19 10 75,89
2000.0 1.0 0,991 45 0.7 -170 0,18 0,9 0.3 1 60 -757,384 -14,581 1,156 0 0 55,417
3000.0 1.0 0,991 55 0.7 -90 0,16 0,94 0.3 1 60 -1896,488 -266,269 0,993 14 6 77,99
4000.0 1.0 0,991 45 0.7 -130 0,16 0,92 0.3 1 60 -708,455 -12,248 1,082 0 0 65,927
4000.0 1.0 0,991 55 0.7 -170 0,18 0,92 0.3 1 60 -714,733 -13,914 1,093 0 0 74,599
2000.0 1.0 0,991 45 0.7 -130 0,2 0,92 0.3 1 60 -1033,118 -180,371 1,035 3 3 54,53
4000.0 1.0 0,991 55 0.7 -90 0,2 0,92 0.3 1 60 -639,226 -17,334 0,985 0 0 77,95
3000.0 1.0 0,991 45 0.7 -90 0,2 0,9 0.3 1 60 -1101,625 -94,357 1,083 8 0 63,139
4000.0 1.0 0,991 45 0.7 -130 0,16 0,9 0.3 1 60 -1344,244 -150,028 1,091 6 4 67,945
4000.0 1.0 0,991 55 0.7 -90 0,16 0,94 0.3 1 60 -1659,58 -232,216 1,025 11 5 87,412
3000.0 1.0 0,991 45 0.7 -170 0,16 0,9 0.3 1 60 -726,027 -12,581 1,116 0 0 59,464
4000.0 1.0 0,991 45 0.7 -170 0,2 0,92 0.3 1 60 -742,45 -13,581 1,089 0 0 61,21
4000.0 1.0 0,991 55 0.7 -70 0,18 0,94 0.3 1 60 -968,217 -95,955 0,919 7 0 85,359
3000.0 1.0 0,991 45 0.7 -70 0,2 0,9 0.3 1 60 -2413,034 -369,79 1,091 20 10 67,855
2000.0 1.0 0,991 45 0.7 -70 0,18 0,92 0.3 1 60 -696,799 -15,914 1,058 0 0 73,767
4000.0 1.0 0,991 55 0.7 -90 0,2 0,94 0.3 1 60 -603,789 -12,248 0,939 0 0 90,354
3000.0 1.0 0,991 55 0.7 -130 0,2 0,9 0.3 1 60 -699,177 -12,914 1,062 0 0 89,714
4000.0 1.0 0,991 45 0.7 -130 0,2 0,9 0.3 1 60 -790,869 -14,914 1,189 0 0 80,231
3000.0 1.0 0,991 45 0.7 -90 0,16 0,9 0.3 1 60 -1385,626 -156,908 1,121 9 3 73,323
4000.0 1.0 0,991 55 0.7 -90 0,18 0,92 0.3 1 60 -641,668 -14,914 0,989 0 0 86,308
3000.0 1.0 0,991 45 0.7 -130 0,16 0,92 0.3 1 60 -712,466 -15,914 1,067 0 0 73,184
2000.0 1.0 0,991 55 0.7 -70 0,2 0,94 0.3 1 60 -853,717 -103,793 0,985 4 0 86,759
4000.0 1.0 0,991 55 0.7 -170 0,18 0,9 0.3 1 60 -727,912 -12,248 1,1 0 0 82,567
4000.0 1.0 0,991 55 0.7 -90 0,16 0,9 0.3 1 60 -843,851 -74,133 1,037 3 0 89,15
2000.0 1.0 0,991 45 0.7 -170 0,18 0,94 0.3 1 60 -1469,365 -222,737 1,104 8 6 59,855
2000.0 1.0 0,991 55 0.7 -130 0,2 0,92 0.3 1 60 -698,951 -14,914 1,083 0 0 63,243
2000.0 1.0 0,991 55 0.7 -130 0,18 0,94 0.3 1 60 -669,797 -14,495 1,013 0 0 65,645
4000.0 1.0 0,991 55 0.7 -130 0,18 0,92 0.3 1 60 -652,848 -14,248 1,006 0 0 69,775
3000.0 1.0 0,991 55 0.7 -70 0,2 0,9 0.3 1 60 -1046,794 -95,906 1,034 9 0 75,045
4000.0 1.0 0,991 55 0.7 -170 0,18 0,9 0.3 1 60 -666,994 -12,248 1,03 0 0 66,229
2000.0 1.0 0,991 45 0.7 -90 0,18 0,92 0.3 1 60 -2452,353 -336,114 1,081 21 9 58,039
4000.0 1.0 0,991 55 0.7 -90 0,18 0,94 0.3 1 60 -644,554 -10,699 0,986 0 0 70,759
4000.0 1.0 0,991 45 0.7 -130 0,16 0,92 0.3 1 60 -1859,106 -241,923 1,131 15 5 63,754
2000.0 1.0 0,991 55 0.7 -170 0,2 0,94 0.3 1 60 -1003,951 -171,403 1,041 4 2 62,467
2000.0 1.0 0,991 55 0.7 -70 0,16 0,92 0.3 1 60 -1147,105 -138,121 0,929 10 0 68,664
2000.0 1.0 0,991 55 0.7 -90 0,2 0,94 0.3 1 60 -1773,922 -325,395 1,034 14 6 68,965
3000.0 1.0 0,991 55 0.7 -130 0,16 0,92 0.3 1 60 -742,766 -8,711 1,123 0 0 70,644
3000.0 1.0 0,991 55 0.7 -130 0,2 0,9 0.3 1 60 -699,896 -11,581 1,027 0 0 64,719
2000.0 1.0 0,991 55 0.7 -130 0,18 0,94 0.3 1 60 -2172,773 -425,584 1,076 16 7 70,13
3000.0 1.0 0,991 55 0.7 -130 0,16 0,94 0.3 1 60 -671,432 -14,248 1,039 0 0 73,119
4000.0 1.0 0,991 55 0.7 -170 0,18 0,92 0.3 1 60 -732,251 -12,581 1,106 0 0 70,096
3000.0 1.0 0,991 55 0.7 -90 0,2 0,9 0.3 1 60 -1083,736 -208,53 1,064 5 2 71,303
4000.0 1.0 0,991 55 0.7 -90 0,16 0,92 0.3 1 60 -1446,78 -304,537 1,004 7 7 73,877
4000.0 1.0 0,991 55 0.7 -90 0,18 0,92 0.3 1 60 -1097,777 -217,171 0,999 6 2 77,382
3000.0 1.0 0,991 55 0.7 -130 0,16 0,94 0.3 1 60 -807,158 -74,425 1,019 3 0 70,444
2000.0 1.0 0,991 55 0.7 -130 0,18 0,94 0.3 1 60 -1572,035 -242,633 1,056 14 2 69,434
4000.0 1.0 0,991 55 0.7 -90 0,18 0,94 0.3 1 60 -874,669 -71,604 0,996 4 1 74,235
4000.0 1.0 0,991 55 0.7 -130 0,18 0,92 0.3 1 60 -2867,595 -588,898 1,132 18 16 78,959
3000.0 1.0 0,991 55 0.7 -170 0,18 0,9 0.3 1 60 -699,072 -12,581 1,071 0 0 70,938
3000.0 1.0 0,991 55 0.7 -130 0,16 0,92 0.3 1 60 -706,43 -12,387 1,088 0 0 72,667
3000.0 1.0 0,991 45 0.7 -90 0,2 0,94 0.3 1 60 -684,079 -13,334 1,016 0 0 62,211
4000.0 1.0 0,991 55 0.7 -90 0,2 0,92 0.3 1 60 -1062,629 -193,097 1,046 4 3 91,972
4000.0 1.0 0,991 55 0.7 -130 0,18 0,94 0.3 1 60 -666,136 -15,581 1,046 0 0 89,296
2000.0 1.0 0,991 55 0.7 -130 0,18 0,94 0.3 1 60 -671,529 -12,387 1,033 0 0 88,493
2000.0 1.0 0,991 55 0.7 -90 0,2 0,94 0.3 1 60 -649,159 -17,334 0,993 0 0 83,15
4000.0 1.0 0,991 55 0.7 -90 0,16 0,94 0.3 1 60 -1363,078 -182,071 0,947 9 4 95,322
4000.0 1.0 0,991 55 0.7 -90 0,16 0,94 0.3 1 60 -1115,067 -137,598 1,019 9 1 92,298
4000.0 1.0 0,991 55 0.7 -130 0,18 0,92 0.3 1 60 -635,676 -11,914 0,982 0 0 84,782
2000.0 1.0 0,991 55 0.7 -130 0,2 0,92 0.3 1 60 -644,997 -16,248 0,989 0 0 78,027
3000.0 1.0 0,991 55 0.7 -90 0,2 0,9 0.3 1 60 -713,865 -20,729 1,028 1 0 81,175
4000.0 1.0 0,991 55 0.7 -170 0,18 0,9 0.3 1 60 -821,363 -14,581 1,228 0 0 84,022
4000.0 1.0 0,991 55 0.7 -130 0,18 0,94 0.3 1 60 -889,38 -70,937 0,966 3 2 96,232
2000.0 1.0 0,991 45 0.7 -70 0,16 0,92 0.3 1 60 -2179,947 -336,101 1,025 14 11 80,026
3000.0 1.0 0,991 55 0.7 -130 0,16 0,9 0.3 1 60 -737,181 -12,054 1,123 0 0 87,689
4000.0 1.0 0,991 55 0.7 -90 0,18 0,92 0.3 1 60 -713,068 -16,054 1,095 0 0 96,712
3000.0 1.0 0,991 55 0.7 -130 0,16 0,9 0.3 1 60 -707,057 -12,248 1,092 0 0 90,009