
3000.0 2.0 0,991 70 0.7 -180 0,2 0,87 0.6 1 60 -736,191 -12,248 1,116 0 0 75,184
2000.0 2.0 0,991 60 0.7 -180 0,22 0,89 0.2 1 60 -744,519 -19,384 1,079 1 0 58,585
2000.0 5.0 0,991 70 0.7 -160 0,22 0,91 0.6 1 60 -2044,827 -414,733 1,114 8 4 70,377
1000.0 5.0 0,991 70 0.7 -140 0,22 0,87 0.6 1 60 -801,768 -14,581 1,175 0 0 61,199
2000.0 2.0 0,991 70 0.7 -160 0,2 0,91 0.4 1 60 -693,404 -12,248 1,077 0 0 69,88
3000.0 2.0 0,991 50 0.7 -140 0,2 0,91 0.6 1 60 -1267,828 -261,812 1,155 4 2 61,318
1000.0 1.0 0,991 70 0.7 -160 0,22 0,91 0.2 1 60 -738,239 -12,914 1,136 0 0 63,804
2000.0 5.0 0,991 60 0.7 -180 0,2 0,91 0.2 1 60 -1207,504 -109,774 1,098 7 2 58,999
1000.0 2.0 0,991 70 0.7 -180 0,2 0,87 0.2 1 60 -718,561 -8,257 1,12 0 0 60,504
1000.0 1.0 0,991 60 0.7 -180 0,18 0,89 0.2 1 60 -767,631 -14,284 1,114 1 0 58,569
3000.0 5.0 0,991 60 0.7 -180 0,2 0,91 0.4 1 60 -2407,797 -451,728 1,13 17 4 64,335
3000.0 2.0 0,991 60 0.7 -160 0,18 0,91 0.4 1 60 -654,085 -12,248 1,027 0 0 63,955
1000.0 1.0 0,991 70 0.7 -140 0,18 0,87 0.4 1 60 -673,293 -12,248 1,04 0 0 64,19
2000.0 5.0 0,991 70 0.7 -160 0,2 0,89 0.6 1 60 -1687,979 -222,92 1,015 8 2 74,354
2000.0 1.0 0,991 70 0.7 -180 0,18 0,89 0.2 1 60 -711,66 -15,914 1,066 0 0 69,795
1000.0 5.0 0,991 50 0.7 -140 0,22 0,91 0.6 1 60 -2270,601 -272,842 1,12 10 6 49,641
2000.0 5.0 0,991 70 0.7 -160 0,18 0,89 0.2 1 60 -753,471 -17,795 1,052 2 0 67,779
2000.0 1.0 0,991 60 0.7 -160 0,2 0,89 0.6 1 60 -713,296 -14,914 1,079 0 0 59,88
2000.0 2.0 0,991 60 0.7 -160 0,2 0,87 0.2 1 60 -747,642 -13,248 1,138 0 0 61,574
3000.0 1.0 0,991 50 0.7 -140 0,22 0,89 0.6 1 60 -674,147 -12,248 1,043 0 0 54,033
2000.0 2.0 0,991 70 0.7 -160 0,22 0,91 0.4 1 60 -746,614 -13,581 1,136 0 0 66,19
2000.0 5.0 0,991 60 0.7 -160 0,22 0,89 0.2 1 60 -989,322 -125,191 1,119 3 1 59,736
1000.0 2.0 0,991 50 0.7 -180 0,2 0,89 0.2 1 60 -794,841 -14,581 1,215 0 0 46,859
3000.0 1.0 0,991 50 0.7 -140 0,2 0,89 0.6 1 60 -732,778 -12,914 1,11 0 0 58,259
3000.0 2.0 0,991 70 0.7 -180 0,2 0,89 0.2 1 60 -765,302 -22,978 1,042 2 0 72,113
2000.0 2.0 0,991 50 0.7 -140 0,2 0,89 0.4 1 60 -676,332 -12,248 1,007 0 0 51,939
1000.0 1.0 0,991 70 0.7 -160 0,22 0,87 0.2 1 60 -830,06 -17,455 1,177 2 0 61,099
3000.0 2.0 0,991 50 0.7 -140 0,18 0,87 0.4 1 60 -749,248 -16,248 1,154 0 0 55,405
2000.0 5.0 0,991 50 0.7 -180 0,18 0,87 0.6 1 60 -3377,049 -416,528 1,209 20 7 52,22
2000.0 1.0 0,991 50 0.7 -160 0,2 0,87 0.4 1 60 -791,79 -30,277 1,101 1 0 52,229
1000.0 1.0 0,991 70 0.7 -140 0,18 0,87 0.2 1 60 -707,448 -12,248 1,085 0 0 59,585
2000.0 5.0 0,991 60 0.7 -160 0,2 0,89 0.4 1 60 -708,069 -14,581 1,061 0 0 60,637
1000.0 1.0 0,991 70 0.7 -160 0,2 0,87 0.4 1 60 -709,131 -13,914 1,101 0 0 59,828
1000.0 1.0 0,991 70 0.7 -140 0,2 0,91 0.6 1 60 -3242,031 -537,449 1,098 17 8 67,91
3000.0 5.0 0,991 70 0.7 -160 0,22 0,89 0.6 1 60 -688,731 -13,248 1,033 0 0 70,66
3000.0 5.0 0,991 70 0.7 -160 0,22 0,87 0.6 1 60 -722,834 -13,248 1,081 0 0 71,164
3000.0 1.0 0,991 60 0.7 -180 0,18 0,89 0.4 1 60 -725,751 -15,248 1,119 0 0 65,709
3000.0 1.0 0,991 50 0.7 -160 0,22 0,91 0.4 1 60 -782,193 -14,334 1,17 0 0 57,97
1000.0 1.0 0,991 50 0.7 -180 0,2 0,89 0.4 1 60 -749,319 -13,248 1,13 0 0 45,845
2000.0 2.0 0,991 60 0.7 -140 0,2 0,91 0.6 1 60 -708,547 -13,581 1,072 0 0 62,852
2000.0 1.0 0,991 70 0.7 -180 0,18 0,87 0.6 1 60 -830,079 -40,269 1,165 1 0 69,495
1000.0 1.0 0,991 70 0.7 -140 0,2 0,87 0.6 1 60 -748,9 -12,581 1,113 0 0 62,12
3000.0 5.0 0,991 60 0.7 -180 0,22 0,87 0.2 1 60 -735,236 -16,204 1,094 1 0 61,955
3000.0 5.0 0,991 50 0.7 -180 0,2 0,87 0.2 1 60 -817,09 -21,887 1,135 2 0 53,906
1000.0 5.0 0,991 60 0.7 -140 0,22 0,91 0.4 1 60 -1686,255 -258,007 1,1 9 3 54,98
2000.0 2.0 0,991 60 0.7 -160 0,18 0,87 0.4 1 60 -693,574 -14,581 1,032 0 0 60,862
3000.0 1.0 0,991 60 0.7 -180 0,2 0,87 0.2 1 60 -745,033 -14,914 1,109 0 0 66,433
1000.0 2.0 0,991 60 0.7 -160 0,2 0,87 0.4 1 60 -752,659 -13,581 1,132 0 0 53,568
3000.0 5.0 0,991 70 0.7 -160 0,22 0,89 0.4 1 60 -709,344 -13,248 1,094 0 0 72,186
1000.0 5.0 0,991 60 0.7 -140 0,22 0,87 0.4 1 60 -3533,785 -678,668 1,156 19 12 53,345
1000.0 2.0 0,991 60 0.7 -180 0,2 0,89 0.4 1 60 -688,676 -12,581 1,044 0 0 54,6
1000.0 2.0 0,991 50 0.7 -180 0,22 0,91 0.6 1 60 -1164,849 -235,722 1,064 2 2 48,625
2000.0 2.0 0,991 50 0.7 -140 0,22 0,89 0.2 1 60 -741,881 -8,177 1,111 0 0 53,785
3000.0 1.0 0,991 70 0.7 -180 0,18 0,89 0.6 1 60 -707,977 -12,248 1,07 0 0 73,326
2000.0 1.0 0,991 70 0.7 -180 0,22 0,87 0.6 1 60 -731,768 -12,914 1,107 0 0 65,171
2000.0 1.0 0,991 70 0.7 -140 0,18 0,87 0.6 1 60 -693,239 -13,914 1,072 0 0 67,996
2000.0 2.0 0,991 60 0.7 -160 0,2 0,89 0.4 1 60 -692,917 -12,248 1,066 0 0 59,753
1000.0 1.0 0,991 60 0.7 -140 0,22 0,91 0.2 1 60 -736,442 -10,054 1,104 0 0 55,54
2000.0 2.0 0,991 70 0.7 -160 0,22 0,89 0.4 1 60 -665,207 -12,248 1,028 0 0 65,892
3000.0 5.0 0,991 60 0.7 -180 0,18 0,91 0.4 1 60 -1704,17 -272,819 1,093 8 3 64,09
3000.0 2.0 0,991 60 0.7 -160 0,22 0,89 0.6 1 60 -1164,462 -223,085 1,118 2 2 64,12
1000.0 1.0 0,991 60 0.7 -180 0,2 0,89 0.6 1 60 -724,187 -14,914 1,127 0 0 52,481
3000.0 5.0 0,991 60 0.7 -140 0,2 0,89 0.2 1 60 -1829,245 -423,751 1,127 9 4 66,356
2000.0 5.0 0,991 60 0.7 -160 0,2 0,87 0.2 1 60 -839,76 -23,589 1,084 3 0 59,93
1000.0 1.0 0,991 50 0.7 -180 0,2 0,91 0.6 1 60 -767,968 -10,248 1,174 0 0 47,076
2000.0 2.0 0,991 60 0.7 -180 0,18 0,91 0.4 1 60 -1312,616 -278,519 1,075 4 3 59,296
1000.0 5.0 0,991 50 0.7 -180 0,22 0,87 0.4 1 60 -1810,117 -297,231 1,157 8 5 44,586
2000.0 1.0 0,991 50 0.7 -160 0,22 0,89 0.6 1 60 -713,435 -14,914 1,083 0 0 52,913
3000.0 5.0 0,991 70 0.7 -180 0,18 0,91 0.4 1 60 -861,016 -42,059 1,111 2 0 72,765
2000.0 5.0 0,991 70 0.7 -180 0,22 0,91 0.4 1 60 -1281,16 -254,013 1,151 4 1 68,776
1000.0 1.0 0,991 60 0.7 -160 0,2 0,87 0.4 1 60 -707,511 -17 1,062 0 0 53,94
1000.0 1.0 0,991 50 0.7 -160 0,22 0,91 0.2 1 60 -785,743 -12,581 1,175 0 0 49,074
1000.0 5.0 0,991 60 0.7 -160 0,2 0,91 0.4 1 60 -2036,837 -290,974 1,104 11 5 56,395
1000.0 5.0 0,991 50 0.7 -180 0,18 0,89 0.6 1 60 -1402,242 -318,208 1,151 4 2 49,13
2000.0 5.0 0,991 60 0.7 -140 0,22 0,87 0.2 1 60 -722,283 -23,893 1,02 1 0 59,255
3000.0 2.0 0,991 50 0.7 -180 0,22 0,91 0.4 1 60 -734,726 -14,334 1,132 0 0 54,168
1000.0 1.0 0,991 50 0.7 -180 0,2 0,87 0.6 1 60 -782,992 -12,581 1,187 0 0 45,865
1000.0 5.0 0,991 60 0.7 -180 0,2 0,91 0.4 1 60 -799,19 -14,581 1,184 0 0 56,06
1000.0 2.0 0,991 70 0.7 -160 0,18 0,87 0.4 1 60 -1199,916 -199,146 1,103 6 1 62,28
3000.0 2.0 0,991 50 0.7 -180 0,2 0,87 0.2 1 60 -784,376 -21,582 1,149 1 0 56,189
2000.0 2.0 0,991 60 0.7 -140 0,18 0,91 0.4 1 60 -662,11 -13,248 0,998 0 0 59,55
2000.0 1.0 0,991 50 0.7 -160 0,18 0,91 0.2 1 60 -728,574 -14,12 1,071 1 0 54,765
3000.0 1.0 0,991 50 0.7 -160 0,2 0,89 0.4 1 60 -754,527 -16,248 1,11 0 0 54,994
2000.0 2.0 0,991 60 0.7 -140 0,22 0,91 0.2 1 60 -657,518 -13,248 1,011 0 0 60,3
3000.0 5.0 0,991 50 0.7 -160 0,2 0,89 0.2 1 60 -814,294 -14,614 1,214 0 0 56,842
2000.0 2.0 0,991 50 0.7 -160 0,2 0,87 0.4 1 60 -713,127 -9,468 1,058 0 0 53,425
1000.0 1.0 0,991 60 0.7 -140 0,2 0,91 0.2 1 60 -700,448 -20,49 1,038 1 0 57,14
1000.0 2.0 0,991 50 0.7 -140 0,18 0,91 0.6 1 60 -754,768 -10,387 1,122 0 0 50,747
2000.0 2.0 0,991 70 0.7 -160 0,22 0,91 0.4 1 60 -639,401 -15,248 0,996 0 0 67,164
3000.0 5.0 0,991 60 0.7 -180 0,22 0,87 0.6 1 60 -729,254 -15,581 1,106 0 0 60,661
2000.0 2.0 0,991 50 0.7 -180 0,2 0,87 0.6 1 60 -716,211 -12,914 1,108 0 0 51,363
2000.0 2.0 0,991 60 0.7 -160 0,2 0,91 0.4 1 60 -730,525 -14,248 1,101 0 0 60,476
1000.0 5.0 0,991 70 0.7 -180 0,18 0,91 0.4 1 60 -1224,849 -245,776 1,117 3 2 60,3
2000.0 2.0 0,991 70 0.7 -160 0,22 0,87 0.4 1 60 -711,574 -12,581 1,08 0 0 76,234
1000.0 1.0 0,991 70 0.7 -180 0,18 0,87 0.6 1 60 -762,495 -12,581 1,12 0 0 63,074
2000.0 2.0 0,991 60 0.7 -160 0,2 0,91 0.4 1 60 -758,978 -13,914 1,09 0 0 68,38
3000.0 2.0 0,991 50 0.7 -180 0,18 0,87 0.6 1 60 -780,137 -41,341 1,074 1 0 58,541
2000.0 1.0 0,991 50 0.7 -140 0,2 0,91 0.2 1 60 -781,413 -16,125 1,126 1 0 61,652
3000.0 1.0 0,991 70 0.7 -160 0,22 0,91 0.2 1 60 -677,381 -12,581 1,046 0 0 79,77
2000.0 5.0 0,991 50 0.7 -180 0,22 0,89 0.2 1 60 -4564,992 -940,36 1,091 31 21 53,902
2000.0 2.0 0,991 60 0.7 -180 0,2 0,91 0.6 1 60 -1389,239 -321,651 1,138 5 2 66,685
3000.0 2.0 0,991 60 0.7 -160 0,18 0,91 0.6 1 60 -676,584 -12,387 1,04 0 0 69,28
2000.0 1.0 0,991 50 0.7 -160 0,18 0,91 0.4 1 60 -1986,803 -420,822 1,126 7 5 57,58
1000.0 1.0 0,991 50 0.7 -140 0,2 0,89 0.6 1 60 -776,055 -15,581 1,176 0 0 49,157
1000.0 5.0 0,991 70 0.7 -160 0,22 0,87 0.4 1 60 -748,093 -12,581 1,103 0 0 62,804
1000.0 2.0 0,991 60 0.7 -160 0,22 0,89 0.6 1 60 -2748,464 -528,663 1,073 15 5 60,265
3000.0 5.0 0,991 50 0.7 -160 0,18 0,87 0.4 1 60 -855,295 -37,858 1,159 1 0 60,469
3000.0 2.0 0,991 50 0.7 -180 0,22 0,89 0.6 1 60 -772,219 -13,248 1,123 0 0 56,664
2000.0 5.0 0,991 60 0.7 -140 0,18 0,91 0.4 1 60 -1420,871 -255,236 1,082 7 3 65,263
2000.0 1.0 0,991 60 0.7 -180 0,18 0,91 0.4 1 60 -759,881 -14,248 1,152 0 0 65,638
1000.0 1.0 0,991 60 0.7 -160 0,2 0,89 0.6 1 60 -1590,862 -432,172 1,101 7 2 55,398
2000.0 2.0 0,991 50 0.7 -180 0,18 0,91 0.6 1 60 -740,887 -12,248 1,086 0 0 54,322
3000.0 1.0 0,991 50 0.7 -180 0,22 0,91 0.6 1 60 -766,498 -12,248 1,157 0 0 55,708
3000.0 1.0 0,991 70 0.7 -140 0,18 0,87 0.2 1 60 -707,686 -12,248 1,063 0 0 75,153
3000.0 1.0 0,991 70 0.7 -140 0,2 0,87 0.4 1 60 -762,516 -32,134 1,088 1 0 74,857
3000.0 2.0 0,991 50 0.7 -140 0,18 0,91 0.2 1 60 -1496,99 -361,959 1,162 4 3 60,341
1000.0 5.0 0,991 50 0.7 -180 0,18 0,89 0.4 1 60 -1839,768 -189,504 1,199 12 2 48,484
2000.0 2.0 0,991 50 0.7 -160 0,22 0,87 0.6 1 60 -1447,529 -336,345 1,159 4 2 52,398
1000.0 1.0 0,991 70 0.7 -140 0,18 0,87 0.6 1 60 -693,018 -12,914 1,065 0 0 62,533
3000.0 1.0 0,991 70 0.7 -180 0,18 0,87 0.4 1 60 -779,744 -14,914 1,179 0 0 73,312
3000.0 5.0 0,991 70 0.7 -140 0,22 0,89 0.6 1 60 -1848,552 -346,457 1,046 8 4 72,356
1000.0 1.0 0,991 50 0.7 -160 0,2 0,91 0.4 1 60 -818,608 -14 1,204 0 0 50,886
3000.0 1.0 0,991 50 0.7 -160 0,22 0,87 0.2 1 60 -837,44 -31,65 1,174 2 0 53,35
1000.0 2.0 0,991 50 0.7 -180 0,2 0,87 0.6 1 60 -1174,926 -172,289 1,141 4 1 45,925
3000.0 1.0 0,991 70 0.7 -160 0,18 0,91 0.2 1 60 -740,979 -30,181 1,018 2 0 80,127
1000.0 5.0 0,991 70 0.7 -140 0,18 0,91 0.6 1 60 -2664,084 -431,636 1,142 15 4 64,392
2000.0 5.0 0,991 50 0.7 -160 0,22 0,87 0.6 1 60 -740,888 -12,914 1,106 0 0 52,984
1000.0 5.0 0,991 60 0.7 -180 0,18 0,87 0.6 1 60 -746,861 -13,248 1,123 0 0 52,834
3000.0 5.0 0,991 50 0.7 -160 0,22 0,91 0.6 1 60 -2059,17 -386,62 0,994 8 5 52,108
2000.0 2.0 0,991 50 0.7 -180 0,2 0,89 0.2 1 60 -755,183 -16,128 1,096 1 0 55,077
2000.0 1.0 0,991 60 0.7 -160 0,18 0,91 0.6 1 60 -757,642 -12,248 1,12 0 0 61,89
2000.0 5.0 0,991 60 0.7 -140 0,22 0,87 0.4 1 60 -2401,145 -308,733 1,193 16 4 68,21
3000.0 2.0 0,991 70 0.7 -180 0,22 0,89 0.4 1 60 -769,359 -32,825 1,075 1 0 72,919
2000.0 2.0 0,991 50 0.7 -180 0,22 0,89 0.2 1 60 -808,877 -15,572 1,188 1 0 53,695
1000.0 2.0 0,991 50 0.7 -180 0,22 0,89 0.2 1 60 -733,709 -15 1,123 0 0 46,401
3000.0 5.0 0,991 50 0.7 -160 0,22 0,87 0.2 1 60 -3760,275 -622,122 1,197 26 12 59,965
2000.0 5.0 0,991 60 0.7 -180 0,18 0,89 0.6 1 60 -1110,131 -126,799 1,207 3 0 60,443
3000.0 1.0 0,991 70 0.7 -180 0,22 0,89 0.4 1 60 -699,603 -12,581 1,052 0 0 74,07
2000.0 2.0 0,991 60 0.7 -160 0,22 0,91 0.2 1 60 -784,909 -12,248 1,2 0 0 63,26
2000.0 1.0 0,991 50 0.7 -180 0,18 0,89 0.2 1 60 -755,648 -10,248 1,143 0 0 54,804
3000.0 5.0 0,991 60 0.7 -140 0,18 0,87 0.4 1 60 -873,966 -32,505 1,126 2 0 64,691
3000.0 1.0 0,991 50 0.7 -180 0,18 0,87 0.2 1 60 -907,382 -25,525 1,14 5 0 56,46
1000.0 2.0 0,991 70 0.7 -140 0,22 0,91 0.6 1 60 -3481,861 -753,885 0,995 17 11 63,348
1000.0 2.0 0,991 70 0.7 -180 0,2 0,87 0.6 1 60 -726,387 -12,581 1,095 0 0 60,024
3000.0 1.0 0,991 50 0.7 -140 0,18 0,89 0.2 1 60 -720,195 -15,477 1,067 1 0 61,178
1000.0 1.0 0,991 50 0.7 -180 0,18 0,89 0.6 1 60 -785,028 -14,581 1,203 0 0 50,107
2000.0 1.0 0,991 50 0.7 -160 0,22 0,87 0.6 1 60 -728,191 -12,581 1,104 0 0 55,871
1000.0 1.0 0,991 60 0.7 -160 0,22 0,89 0.6 1 60 -697,178 -12,248 1,056 0 0 55,105
1000.0 1.0 0,991 50 0.7 -160 0,2 0,89 0.4 1 60 -788,593 -13,581 1,18 0 0 50,229
1000.0 5.0 0,991 50 0.7 -160 0,18 0,91 0.4 1 60 -2119,448 -305,559 1,234 10 4 48,786
3000.0 1.0 0,991 70 0.7 -180 0,2 0,89 0.2 1 60 -683,789 -12,914 1,083 0 0 70,463
1000.0 5.0 0,991 50 0.7 -160 0,18 0,87 0.2 1 60 -2464,868 -365,506 1,161 15 7 51,301
1000.0 5.0 0,991 50 0.7 -180 0,22 0,89 0.4 1 60 -780,521 -14,248 1,173 0 0 47,312
3000.0 2.0 0,991 60 0.7 -180 0,2 0,89 0.6 1 60 -693,149 -12,581 1,068 0 0 65,51
3000.0 5.0 0,991 60 0.7 -140 0,2 0,91 0.4 1 60 -921,539 -98,077 1,112 3 0 70,248
1000.0 2.0 0,991 60 0.7 -180 0,18 0,89 0.4 1 60 -721,529 -13,248 1,12 0 0 56,782
2000.0 2.0 0,991 50 0.7 -140 0,2 0,89 0.2 1 60 -1379,488 -229,347 1,168 4 2 57,963
2000.0 5.0 0,991 50 0.7 -140 0,2 0,89 0.6 1 60 -1191,389 -140,15 1,152 4 1 58,587
1000.0 1.0 0,991 70 0.7 -160 0,2 0,87 0.2 1 60 -835,507 -22,624 1,155 2 0 64,4
2000.0 1.0 0,991 50 0.7 -160 0,2 0,89 0.6 1 60 -741,692 -13,248 1,146 0 0 51,892
1000.0 5.0 0,991 60 0.7 -140 0,2 0,91 0.2 1 60 -766,757 -14,914 1,17 0 0 57,191
1000.0 5.0 0,991 60 0.7 -160 0,22 0,91 0.4 1 60 -718,824 -13,581 1,108 0 0 53,327
1000.0 5.0 0,991 60 0.7 -140 0,22 0,89 0.6 1 60 -732,687 -14,248 1,098 0 0 52,351
1000.0 1.0 0,991 60 0.7 -140 0,22 0,89 0.6 1 60 -717,738 -12,248 1,087 0 0 54,72
3000.0 2.0 0,991 70 0.7 -180 0,2 0,89 0.4 1 60 -682,448 -12,248 1,046 0 0 71,223
3000.0 5.0 0,991 60 0.7 -180 0,18 0,91 0.4 1 60 -755,571 -40,036 1,036 1 0 64,193
3000.0 2.0 0,991 70 0.7 -160 0,2 0,87 0.6 1 60 -723,482 -10,037 1,122 0 0 72,393
2000.0 5.0 0,991 60 0.7 -140 0,18 0,89 0.4 1 60 -969,54 -74,889 1,079 3 1 60,365
2000.0 2.0 0,991 70 0.7 -140 0,18 0,91 0.4 1 60 -1666,595 -436,385 1,012 7 4 75,876
3000.0 2.0 0,991 70 0.7 -140 0,22 0,91 0.6 1 60 -1221,848 -285,103 1,016 2 3 76,689
3000.0 1.0 0,991 60 0.7 -160 0,2 0,89 0.2 1 60 -739,185 -27,399 1,072 1 0 64,21
3000.0 2.0 0,991 70 0.7 -160 0,2 0,91 0.4 1 60 -659,052 -12,248 1,006 0 0 79,457
3000.0 1.0 0,991 70 0.7 -180 0,22 0,87 0.2 1 60 -718,728 -14,957 1,033 1 0 74,124
1000.0 1.0 0,991 60 0.7 -140 0,22 0,87 0.6 1 60 -712,743 -12,248 1,077 0 0 53,17
2000.0 2.0 0,991 70 0.7 -180 0,2 0,87 0.6 1 60 -736,127 -16,248 1,136 0 0 65,738
1000.0 5.0 0,991 70 0.7 -140 0,2 0,89 0.4 1 60 -961,272 -84,021 1,039 3 1 66,763
1000.0 5.0 0,991 70 0.7 -140 0,22 0,87 0.4 1 60 -814,162 -15,248 1,214 0 0 62,55
1000.0 2.0 0,991 70 0.7 -140 0,22 0,91 0.6 1 60 -647,623 -12,248 1,002 0 0 58,646
3000.0 1.0 0,991 50 0.7 -160 0,22 0,87 0.6 1 60 -700,119 -13,581 1,078 0 0 53,995
3000.0 5.0 0,991 50 0.7 -160 0,2 0,89 0.4 1 60 -786,123 -33,513 1,126 1 0 55,912
3000.0 1.0 0,991 60 0.7 -180 0,2 0,91 0.6 1 60 -776,22 -12,581 1,168 0 0 65,702
1000.0 1.0 0,991 70 0.7 -140 0,2 0,87 0.2 1 60 -721,253 -12,581 1,082 0 0 62,676
1000.0 5.0 0,991 60 0.7 -140 0,22 0,89 0.2 1 60 -839,931 -54,23 1,077 2 1 54,829
3000.0 5.0 0,991 70 0.7 -160 0,22 0,89 0.6 1 60 -686,213 -13,248 1,049 0 0 69,269
3000.0 5.0 0,991 70 0.7 -140 0,22 0,89 0.6 1 60 -725,109 -14,581 1,095 0 0 72,736
1000.0 1.0 0,991 50 0.7 -180 0,18 0,91 0.6 1 60 -761,182 -14,581 1,122 0 0 50,067
3000.0 1.0 0,991 70 0.7 -160 0,22 0,87 0.2 1 60 -752,155 -13,288 1,098 1 0 73,729
3000.0 2.0 0,991 60 0.7 -140 0,18 0,87 0.2 1 60 -749,469 -20,559 1,117 1 0 70,827
2000.0 2.0 0,991 60 0.7 -180 0,18 0,89 0.2 1 60 -775,566 -16,173 1,112 1 0 62,301
2000.0 1.0 0,991 60 0.7 -160 0,2 0,91 0.2 1 60 -767,148 -8,063 1,14 0 0 65,999
1000.0 5.0 0,991 70 0.7 -180 0,18 0,91 0.6 1 60 -1400,065 -171,311 1,161 6 1 61,526
1000.0 5.0 0,991 50 0.7 -180 0,18 0,89 0.6 1 60 -885,988 -45,385 1,188 1 0 46,4
2000.0 2.0 0,991 60 0.7 -160 0,2 0,87 0.6 1 60 -833,737 -44,352 1,132 1 0 62,047
1000.0 1.0 0,991 60 0.7 -140 0,18 0,89 0.2 1 60 -735,873 -8,581 1,141 0 0 55,965
3000.0 1.0 0,991 70 0.7 -160 0,2 0,91 0.2 1 60 -676,972 -12,248 1,054 0 0 75,222
1000.0 2.0 0,991 50 0.7 -180 0,2 0,91 0.2 1 60 -745,427 -15,517 1,075 1 0 46,758
1000.0 2.0 0,991 50 0.7 -140 0,2 0,89 0.6 1 60 -755,729 -12,248 1,125 0 0 50,271
1000.0 1.0 0,991 60 0.7 -180 0,2 0,89 0.2 1 60 -734,65 -12,248 1,099 0 0 54,665
1000.0 1.0 0,991 70 0.7 -140 0,22 0,89 0.6 1 60 -706,78 -11,948 1,079 0 0 59,559
3000.0 5.0 0,991 60 0.7 -180 0,18 0,91 0.6 1 60 -1564,532 -305,402 0,999 8 2 66,961
1000.0 5.0 0,991 70 0.7 -140 0,22 0,87 0.2 1 60 -654,007 -14,581 1,035 0 0 59,537
3000.0 2.0 0,991 70 0.7 -140 0,2 0,87 0.2 1 60 -740,584 -16,246 1,097 1 0 74,433
3000.0 1.0 0,991 70 0.7 -160 0,18 0,89 0.6 1 60 -693,85 -12,581 1,051 0 0 74,945
3000.0 2.0 0,991 70 0.7 -140 0,22 0,91 0.6 1 60 -686,484 -13,914 1,057 0 0 71,285
1000.0 1.0 0,991 70 0.7 -180 0,18 0,87 0.4 1 60 -723,884 -12,248 1,099 0 0 60,104
2000.0 2.0 0,991 50 0.7 -180 0,22 0,87 0.4 1 60 -694,91 -15,248 1,054 0 0 51,722
1000.0 1.0 0,991 50 0.7 -140 0,18 0,89 0.4 1 60 -1325,633 -218,446 1,091 6 1 50,459
3000.0 5.0 0,991 50 0.7 -160 0,22 0,91 0.2 1 60 -1102,95 -185,967 1,103 6 0 58,614
3000.0 1.0 0,991 50 0.7 -180 0,2 0,91 0.4 1 60 -722,29 -12,248 1,102 0 0 56,652
1000.0 2.0 0,991 70 0.7 -180 0,2 0,89 0.4 1 60 -752,137 -14,914 1,127 0 0 61,235
3000.0 5.0 0,991 60 0.7 -160 0,22 0,87 0.6 1 60 -2180,484 -316,666 1,157 12 4 67,039
1000.0 2.0 0,991 50 0.7 -160 0,18 0,91 0.2 1 60 -747,474 -12,581 1,128 0 0 50,455
2000.0 2.0 0,991 70 0.7 -160 0,22 0,89 0.4 1 60 -752,539 -26,509 1,048 1 0 71,776
2000.0 5.0 0,991 60 0.7 -140 0,22 0,89 0.2 1 60 -719,985 -12,581 1,083 0 0 62,456
2000.0 1.0 0,991 70 0.7 -140 0,2 0,89 0.2 1 60 -656,079 -13,914 1,012 0 0 74,673
2000.0 5.0 0,991 70 0.7 -160 0,18 0,91 0.2 1 60 -1916,723 -485,373 1,044 8 4 72,538
3000.0 2.0 0,991 50 0.7 -180 0,22 0,89 0.2 1 60 -755,857 -19,201 1,108 1 0 57,489
2000.0 2.0 0,991 60 0.7 -180 0,18 0,91 0.6 1 60 -765,615 -13,914 1,182 0 0 63,963
1000.0 1.0 0,991 70 0.7 -180 0,2 0,87 0.6 1 60 -783,317 -40,691 1,085 1 0 58,702
2000.0 5.0 0,991 70 0.7 -180 0,22 0,91 0.4 1 60 -744,771 -13,248 1,148 0 0 68,206
3000.0 2.0 0,991 50 0.7 -140 0,22 0,89 0.2 1 60 -736,624 -16,356 1,064 1 0 58,234
3000.0 5.0 0,991 70 0.7 -140 0,18 0,87 0.2 1 60 -739,593 -12,914 1,118 0 0 79,198
2000.0 2.0 0,991 60 0.7 -140 0,2 0,91 0.6 1 60 -695,687 -13,581 1,067 0 0 61,961
3000.0 5.0 0,991 50 0.7 -160 0,18 0,87 0.2 1 60 -1836,656 -403,195 1,154 11 4 57,174
2000.0 5.0 0,991 60 0.7 -180 0,22 0,89 0.4 1 60 -715,275 -12,581 1,087 0 0 60,65
3000.0 1.0 0,991 60 0.7 -180 0,22 0,89 0.4 1 60 -700,347 -13,248 1,07 0 0 62,037
1000.0 5.0 0,991 50 0.7 -160 0,2 0,91 0.6 1 60 -1451,088 -217,69 1,149 6 2 46,977
1000.0 5.0 0,991 60 0.7 -140 0,2 0,87 0.2 1 60 -1079,084 -114,262 1,153 4 1 57,323
1000.0 2.0 0,991 70 0.7 -180 0,18 0,89 0.4 1 60 -687,404 -13,914 1,075 0 0 60,795
1000.0 5.0 0,991 60 0.7 -180 0,22 0,91 0.4 1 60 -3025,044 -582,747 1,196 19 7 55,828
1000.0 5.0 0,991 60 0.7 -180 0,18 0,87 0.2 1 60 -1318,746 -226,553 1,255 4 1 57,83
3000.0 1.0 0,991 50 0.7 -140 0,18 0,91 0.4 1 60 -704,597 -13,248 1,084 0 0 59,585
1000.0 5.0 0,991 50 0.7 -180 0,18 0,89 0.6 1 60 -1398,78 -213,071 1,167 7 0 50,201
1000.0 5.0 0,991 60 0.7 -180 0,22 0,89 0.4 1 60 -3572,504 -531,107 1,135 22 11 54,214
3000.0 2.0 0,991 60 0.7 -140 0,22 0,89 0.2 1 60 -811,124 -17,039 1,087 3 0 65,803
3000.0 5.0 0,991 70 0.7 -160 0,18 0,87 0.4 1 60 -867,418 -62,4 1,117 2 0 72,597
3000.0 2.0 0,991 60 0.7 -140 0,2 0,89 0.2 1 60 -693,038 -14,248 1,079 0 0 64,715
3000.0 2.0 0,991 50 0.7 -160 0,2 0,89 0.6 1 60 -701,667 -13,581 1,094 0 0 56,996
1000.0 1.0 0,991 60 0.7 -160 0,2 0,89 0.2 1 60 -761,805 -14,334 1,099 1 0 56,744
2000.0 1.0 0,991 50 0.7 -160 0,2 0,89 0.6 1 60 -1087,063 -182,521 1,097 3 1 52,767
2000.0 5.0 0,991 70 0.7 -140 0,18 0,89 0.4 1 60 -2472,907 -418,368 1,091 13 5 71,396
2000.0 2.0 0,991 60 0.7 -180 0,22 0,91 0.4 1 60 -673,844 -12,248 1,032 0 0 58,97
1000.0 1.0 0,991 70 0.7 -160 0,2 0,87 0.4 1 60 -779,568 -27,657 1,104 1 0 60,328
3000.0 1.0 0,991 50 0.7 -140 0,18 0,87 0.2 1 60 -739,398 -26,692 1,063 1 0 56,561
2000.0 2.0 0,991 70 0.7 -180 0,2 0,87 0.6 1 60 -719,298 -12,914 1,099 0 0 63,955
2000.0 1.0 0,991 60 0.7 -160 0,2 0,89 0.2 1 60 -837,528 -17,531 1,215 1 0 61,558
2000.0 2.0 0,991 70 0.7 -180 0,2 0,87 0.6 1 60 -758,922 -40,998 1,04 1 0 66,533
2000.0 1.0 0,991 50 0.7 -160 0,2 0,89 0.2 1 60 -767,538 -12,248 1,172 0 0 53,127
3000.0 1.0 0,991 50 0.7 -180 0,2 0,91 0.6 1 60 -713,671 -13,581 1,085 0 0 55,517
2000.0 1.0 0,991 60 0.7 -140 0,2 0,87 0.6 1 60 -741,549 -12,248 1,114 0 0 61,369
1000.0 1.0 0,991 70 0.7 -180 0,18 0,91 0.4 1 60 -685,036 -12,248 1,05 0 0 63,88
1000.0 2.0 0,991 60 0.7 -160 0,18 0,91 0.2 1 60 -1211,269 -238,228 1,126 4 1 55,955
2000.0 2.0 0,991 70 0.7 -180 0,2 0,91 0.4 1 60 -719,605 -13,914 1,08 0 0 67,543
2000.0 5.0 0,991 60 0.7 -160 0,22 0,91 0.6 1 60 -738,653 -12,248 1,134 0 0 59,682
3000.0 2.0 0,991 60 0.7 -160 0,18 0,89 0.6 1 60 -2020,621 -517,608 1,08 10 3 66,581
1000.0 5.0 0,991 70 0.7 -140 0,18 0,87 0.6 1 60 -716,872 -12,581 1,07 0 0 60,504
2000.0 5.0 0,991 60 0.7 -140 0,2 0,89 0.2 1 60 -1084,347 -163,177 1,083 5 1 59,13
3000.0 5.0 0,991 60 0.7 -160 0,18 0,89 0.2 1 60 -764,954 -18,489 1,087 1 0 65,123
2000.0 5.0 0,991 50 0.7 -140 0,2 0,89 0.2 1 60 -1584,424 -392,833 1,129 5 3 54,814
3000.0 5.0 0,991 50 0.7 -160 0,18 0,87 0.6 1 60 -6187,59 -960,311 1,112 34 20 55,15
2000.0 2.0 0,991 60 0.7 -180 0,22 0,91 0.4 1 60 -742,179 -13,914 1,102 0 0 60,785
2000.0 5.0 0,991 60 0.7 -140 0,18 0,89 0.6 1 60 -723,502 -9,581 1,085 0 0 64,361
2000.0 1.0 0,991 70 0.7 -140 0,22 0,89 0.4 1 60 -761,292 -26,578 1,091 1 0 67,457
2000.0 1.0 0,991 70 0.7 -140 0,2 0,91 0.4 1 60 -698,807 -12,248 1,068 0 0 69,55
1000.0 1.0 0,991 60 0.7 -160 0,18 0,89 0.4 1 60 -781,614 -14,914 1,169 0 0 56,801
2000.0 1.0 0,991 50 0.7 -160 0,22 0,91 0.6 1 60 -716,782 -14,248 1,111 0 0 55,297
1000.0 1.0 0,991 60 0.7 -140 0,18 0,89 0.2 1 60 -737,938 -7,177 1,108 0 0 61,053
3000.0 2.0 0,991 70 0.7 -180 0,18 0,87 0.2 1 60 -689,442 -12,248 1,048 0 0 72,393
2000.0 1.0 0,991 50 0.7 -180 0,22 0,89 0.6 1 60 -687,858 -13,581 1,071 0 0 51,148
3000.0 5.0 0,991 60 0.7 -140 0,2 0,91 0.6 1 60 -1599,861 -269,807 1,094 7 2 65,922
2000.0 1.0 0,991 70 0.7 -180 0,18 0,89 0.4 1 60 -764,551 -12,914 1,144 0 0 69,908
1000.0 2.0 0,991 50 0.7 -180 0,2 0,87 0.6 1 60 -838,107 -12,51 1,24 0 0 47,766
2000.0 5.0 0,991 50 0.7 -140 0,22 0,91 0.6 1 60 -2003,266 -224,132 1,169 11 2 57,023
3000.0 1.0 0,991 70 0.7 -140 0,18 0,91 0.2 1 60 -641,702 -12,248 0,976 0 0 77,918
3000.0 5.0 0,991 60 0.7 -160 0,18 0,91 0.4 1 60 -796,412 -35,058 1,066 1 0 66,965
1000.0 5.0 0,991 60 0.7 -180 0,22 0,87 0.4 1 60 -1034,813 -124,792 1,087 4 0 53,951
3000.0 2.0 0,991 60 0.7 -140 0,2 0,89 0.2 1 60 -683,48 -21,613 0,982 1 0 67,073
3000.0 5.0 0,991 70 0.7 -180 0,18 0,91 0.6 1 60 -686,521 -14,248 1,071 0 0 72,608
1000.0 2.0 0,991 50 0.7 -160 0,2 0,91 0.6 1 60 -1760,611 -333,886 1,188 6 3 49,138
1000.0 1.0 0,991 60 0.7 -160 0,22 0,89 0.2 1 60 -727,459 -15,914 1,131 0 0 55,286
2000.0 5.0 0,991 60 0.7 -180 0,22 0,91 0.4 1 60 -1031,18 -171,657 1,065 3 1 61,237
2000.0 1.0 0,991 60 0.7 -180 0,22 0,91 0.6 1 60 -729,792 -12,248 1,105 0 0 57,026
3000.0 5.0 0,991 70 0.7 -160 0,22 0,87 0.2 1 60 -711,241 -19,351 1,014 2 0 70,292
1000.0 1.0 0,991 70 0.7 -160 0,2 0,89 0.4 1 60 -824,316 -31,75 1,156 1 0 62,925
3000.0 5.0 0,991 60 0.7 -160 0,2 0,89 0.6 1 60 -764,758 -8,355 1,132 0 0 62,094
2000.0 2.0 0,991 70 0.7 -180 0,2 0,89 0.4 1 60 -675,376 -12,581 1,048 0 0 66,202
3000.0 2.0 0,991 70 0.7 -140 0,18 0,87 0.2 1 60 -668,892 -12,581 1,034 0 0 73,164
1000.0 2.0 0,991 70 0.7 -160 0,18 0,89 0.6 1 60 -684,669 -8,816 1,035 0 0 61,867
3000.0 5.0 0,991 60 0.7 -160 0,22 0,89 0.6 1 60 -1880,253 -502,919 1,071 8 4 64,249
1000.0 5.0 0,991 50 0.7 -160 0,18 0,87 0.2 1 60 -727,839 -13,581 1,103 0 0 47,176
2000.0 2.0 0,991 50 0.7 -160 0,22 0,91 0.4 1 60 -757,618 -12,581 1,13 0 0 54,454
1000.0 2.0 0,991 70 0.7 -160 0,18 0,91 0.6 1 60 -882,802 -84,81 1,11 2 0 62,239
1000.0 5.0 0,991 60 0.7 -160 0,2 0,89 0.2 1 60 -732,55 -12,581 1,116 0 0 54,18
2000.0 5.0 0,991 50 0.7 -140 0,22 0,89 0.6 1 60 -1289,997 -269,319 1,138 3 2 54,327
1000.0 1.0 0,991 70 0.7 -160 0,2 0,89 0.6 1 60 -764,975 -12,248 1,157 0 0 60,228
3000.0 2.0 0,991 60 0.7 -140 0,18 0,87 0.4 1 60 -678,108 -12,248 1,043 0 0 62,633
2000.0 2.0 0,991 60 0.7 -140 0,18 0,91 0.4 1 60 -739,438 -8,248 1,106 0 0 61,883
2000.0 5.0 0,991 50 0.7 -160 0,18 0,87 0.6 1 60 -847,228 -43,527 1,152 1 0 53,008
2000.0 1.0 0,991 70 0.7 -180 0,22 0,91 0.2 1 60 -758,774 -17,863 1,131 1 0 68,521
1000.0 2.0 0,991 70 0.7 -140 0,2 0,91 0.4 1 60 -1991,504 -367,997 1,028 10 5 66,052
1000.0 2.0 0,991 70 0.7 -160 0,22 0,87 0.4 1 60 -690,112 -12,581 1,041 0 0 58,959
1000.0 2.0 0,991 50 0.7 -140 0,18 0,87 0.4 1 60 -800,598 -15,581 1,212 0 0 51,01
2000.0 1.0 0,991 70 0.7 -180 0,22 0,89 0.4 1 60 -726,373 -15,248 1,098 0 0 68,127
2000.0 2.0 0,991 60 0.7 -140 0,2 0,89 0.6 1 60 -708,442 -12,581 1,072 0 0 61,715
1000.0 2.0 0,991 50 0.7 -140 0,22 0,91 0.2 1 60 -699,393 -15,248 1,067 0 0 48,584
2000.0 5.0 0,991 50 0.7 -160 0,2 0,87 0.2 1 60 -1312,452 -291,262 1,069 3 4 51,862
3000.0 2.0 0,991 70 0.7 -160 0,18 0,87 0.6 1 60 -837,581 -41,782 1,146 1 0 76,896
1000.0 2.0 0,991 70 0.7 -180 0,22 0,89 0.4 1 60 -761,544 -28,244 1,089 1 0 60,381
1000.0 5.0 0,991 70 0.7 -180 0,18 0,89 0.4 1 60 -737,625 -14,581 1,072 0 0 60,501
1000.0 2.0 0,991 60 0.7 -180 0,18 0,89 0.2 1 60 -682,331 -12,248 1,068 0 0 52,109
1000.0 2.0 0,991 70 0.7 -180 0,2 0,91 0.6 1 60 -780,798 -13,581 1,185 0 0 60,42
3000.0 5.0 0,991 60 0.7 -180 0,22 0,89 0.4 1 60 -898,311 -86,093 1,132 2 0 62,329
3000.0 1.0 0,991 70 0.7 -160 0,2 0,89 0.6 1 60 -714,783 -14,581 1,119 0 0 75,897
3000.0 2.0 0,991 50 0.7 -180 0,22 0,89 0.6 1 60 -1014,681 -154,935 1,079 3 0 54,526
1000.0 5.0 0,991 60 0.7 -180 0,18 0,87 0.6 1 60 -765,103 -13,248 1,175 0 0 56,554
3000.0 5.0 0,991 60 0.7 -140 0,2 0,87 0.6 1 60 -1973,023 -322,213 1,073 6 6 66,698
1000.0 5.0 0,991 70 0.7 -180 0,18 0,87 0.2 1 60 -1002,723 -83,054 1,194 4 0 62,277
1000.0 1.0 0,991 60 0.7 -180 0,18 0,87 0.2 1 60 -779,11 -14,581 1,169 0 0 53,834
1000.0 1.0 0,991 50 0.7 -140 0,2 0,91 0.6 1 60 -706,106 -15 1,054 0 0 47,942
3000.0 5.0 0,991 70 0.7 -160 0,18 0,91 0.2 1 60 -718,133 -14,667 1,066 0 0 75,753
2000.0 1.0 0,991 60 0.7 -160 0,2 0,91 0.2 1 60 -778,001 -15,899 1,151 1 0 63,062
3000.0 5.0 0,991 60 0.7 -160 0,2 0,87 0.4 1 60 -702,657 -11,581 1,071 0 0 66,112
1000.0 5.0 0,991 70 0.7 -180 0,18 0,89 0.6 1 60 -746,631 -12,248 1,124 0 0 61,344
1000.0 2.0 0,991 60 0.7 -180 0,22 0,91 0.4 1 60 -1051,961 -83,711 1,141 4 0 58,939
1000.0 2.0 0,991 50 0.7 -140 0,2 0,91 0.6 1 60 -708,332 -12,721 1,074 0 0 48,547
3000.0 2.0 0,991 60 0.7 -140 0,18 0,91 0.6 1 60 -740,26 -40,108 1,032 1 0 64,261
1000.0 5.0 0,991 70 0.7 -140 0,22 0,91 0.6 1 60 -698,218 -16,334 1,057 0 0 60,988
3000.0 5.0 0,991 50 0.7 -180 0,18 0,87 0.4 1 60 -759,726 -13,914 1,148 0 0 56,311
1000.0 5.0 0,991 60 0.7 -180 0,18 0,87 0.6 1 60 -747,44 -13,248 1,117 0 0 54,114
1000.0 1.0 0,991 50 0.7 -140 0,22 0,89 0.6 1 60 -685,653 -12,581 1,047 0 0 47,592
3000.0 1.0 0,991 70 0.7 -140 0,2 0,91 0.4 1 60 -788,298 -28,505 1,022 2 0 78,921
3000.0 1.0 0,991 70 0.7 -180 0,2 0,87 0.4 1 60 -871,381 -32,19 1,149 1 1 72,686
2000.0 1.0 0,991 70 0.7 -140 0,2 0,89 0.2 1 60 -692,371 -12,248 1,077 0 0 72,723
1000.0 2.0 0,991 50 0.7 -160 0,22 0,87 0.2 1 60 -789,971 -15,248 1,165 1 0 47,23
2000.0 5.0 0,991 70 0.7 -140 0,22 0,91 0.6 1 60 -1662,352 -437,256 1,093 8 2 70,775
1000.0 5.0 0,991 70 0.7 -180 0,2 0,87 0.4 1 60 -720,495 -13,914 1,089 0 0 60,017
3000.0 2.0 0,991 70 0.7 -140 0,22 0,91 0.2 1 60 -688,636 -17,463 1,016 1 0 74,7
3000.0 5.0 0,991 70 0.7 -140 0,22 0,89 0.4 1 60 -1485,596 -378,26 1,125 4 3 74,731
2000.0 2.0 0,991 60 0.7 -140 0,22 0,87 0.2 1 60 -748,656 -16,867 1,108 1 0 62,727
2000.0 1.0 0,991 60 0.7 -140 0,22 0,91 0.6 1 60 -674,392 -12,581 1,038 0 0 59,509
2000.0 5.0 0,991 70 0.7 -180 0,22 0,91 0.2 1 60 -1151,893 -234,504 1,059 4 2 70,116
3000.0 5.0 0,991 60 0.7 -160 0,22 0,91 0.4 1 60 -696,801 -12,581 1,067 0 0 61,127
1000.0 1.0 0,991 70 0.7 -180 0,22 0,89 0.4 1 60 -754,246 -15,581 1,13 0 0 60,521
2000.0 1.0 0,991 60 0.7 -180 0,22 0,87 0.2 1 60 -747,304 -17,659 1,075 1 0 59,659
1000.0 1.0 0,991 50 0.7 -160 0,22 0,87 0.2 1 60 -798,451 -12,914 1,194 0 0 48,454
1000.0 2.0 0,991 70 0.7 -140 0,2 0,89 0.2 1 60 -750,694 -13,581 1,116 0 0 64,198
2000.0 5.0 0,991 60 0.7 -140 0,18 0,91 0.2 1 60 -1371,349 -233,218 1,126 5 2 62,032
2000.0 2.0 0,991 50 0.7 -180 0,22 0,89 0.4 1 60 -774,968 -12,248 1,157 0 0 50,693
3000.0 2.0 0,991 60 0.7 -180 0,22 0,91 0.6 1 60 -670,867 -12,914 1,039 0 0 61,745
2000.0 2.0 0,991 50 0.7 -160 0,22 0,91 0.2 1 60 -690,877 -14,581 1,039 0 0 54,874
2000.0 1.0 0,991 50 0.7 -140 0,18 0,89 0.2 1 60 -690,13 -12,581 1,068 0 0 56,488
1000.0 2.0 0,991 50 0.7 -160 0,22 0,89 0.6 1 60 -1596,957 -280,661 1,154 9 0 47,972
2000.0 5.0 0,991 60 0.7 -140 0,18 0,89 0.2 1 60 -985,948 -103,826 1,12 3 1 62,131
2000.0 5.0 0,991 60 0.7 -160 0,18 0,91 0.6 1 60 -1360,127 -343,544 1,054 4 3 59,302
2000.0 1.0 0,991 70 0.7 -160 0,18 0,87 0.6 1 60 -773,91 -12,914 1,169 0 0 69,044
2000.0 2.0 0,991 70 0.7 -140 0,2 0,91 0.2 1 60 -2126,228 -386,455 1,032 15 3 67,012
3000.0 1.0 0,991 50 0.7 -160 0,22 0,87 0.2 1 60 -780,06 -14,581 1,185 0 0 56,254
1000.0 2.0 0,991 60 0.7 -160 0,2 0,91 0.4 1 60 -731,385 -13,914 1,1 0 0 54,66
2000.0 2.0 0,991 70 0.7 -180 0,18 0,87 0.6 1 60 -791,193 -12,914 1,224 0 0 65,993
3000.0 5.0 0,991 70 0.7 -140 0,18 0,87 0.2 1 60 -687,942 -13,248 1,061 0 0 73,678
1000.0 1.0 0,991 70 0.7 -160 0,22 0,91 0.6 1 60 -718,301 -12,581 1,105 0 0 61,424
3000.0 5.0 0,991 70 0.7 -140 0,18 0,89 0.2 1 60 -1403,207 -253,837 1,046 7 2 71,612
1000.0 1.0 0,991 70 0.7 -140 0,22 0,89 0.2 1 60 -749,95 -12,248 1,117 0 0 63,425
3000.0 5.0 0,991 70 0.7 -140 0,22 0,87 0.6 1 60 -726,64 -9,248 1,109 0 0 68,328
2000.0 5.0 0,991 60 0.7 -180 0,22 0,89 0.4 1 60 -732,503 -12,581 1,127 0 0 57,148
3000.0 2.0 0,991 60 0.7 -160 0,18 0,87 0.2 1 60 -784,871 -19,699 1,089 2 0 61,678
3000.0 5.0 0,991 50 0.7 -160 0,18 0,87 0.6 1 60 -807,8 -16,248 1,192 0 0 54,892
3000.0 5.0 0,991 60 0.7 -160 0,22 0,87 0.6 1 60 -732,525 -12,914 1,106 0 0 57,739
3000.0 2.0 0,991 50 0.7 -180 0,2 0,89 0.4 1 60 -1369,712 -236,895 1,147 6 1 55,826
2000.0 2.0 0,991 60 0.7 -160 0,2 0,89 0.4 1 60 -699,75 -13,248 1,073 0 0 58,69
2000.0 2.0 0,991 50 0.7 -180 0,2 0,87 0.4 1 60 -816,698 -36,356 1,143 1 0 51,486
2000.0 1.0 0,991 50 0.7 -180 0,18 0,89 0.2 1 60 -752,907 -17,553 1,097 1 0 53,839
3000.0 1.0 0,991 60 0.7 -160 0,2 0,91 0.6 1 60 -710,992 -12,914 1,075 0 0 66,603
2000.0 5.0 0,991 50 0.7 -180 0,22 0,91 0.2 1 60 -1270,828 -156,564 1,073 10 2 52,025
2000.0 5.0 0,991 60 0.7 -140 0,22 0,91 0.6 1 60 -709,343 -18 1,065 0 0 57,859
1000.0 2.0 0,991 70 0.7 -140 0,2 0,89 0.6 1 60 -704,04 -13,248 1,065 0 0 61,076
2000.0 2.0 0,991 70 0.7 -140 0,18 0,87 0.6 1 60 -726,434 -13,914 1,104 0 0 65,926
1000.0 2.0 0,991 70 0.7 -180 0,18 0,91 0.2 1 60 -699,013 -16,448 1,034 1 0 59,818
2000.0 5.0 0,991 50 0.7 -140 0,22 0,89 0.4 1 60 -3046,631 -563,771 1,056 18 8 51,082
3000.0 1.0 0,991 70 0.7 -180 0,22 0,89 0.4 1 60 -715,266 -12,248 1,111 0 0 70,247
2000.0 1.0 0,991 60 0.7 -180 0,18 0,87 0.4 1 60 -749,987 -12,248 1,149 0 0 60,645
3000.0 1.0 0,991 60 0.7 -180 0,2 0,91 0.2 1 60 -767,407 -12,914 1,151 0 0 67,753
1000.0 2.0 0,991 70 0.7 -160 0,22 0,87 0.6 1 60 -745,686 -12,248 1,109 0 0 57,148
2000.0 5.0 0,991 60 0.7 -140 0,22 0,91 0.2 1 60 -1312,104 -227,729 1,102 7 2 61,159
2000.0 1.0 0,991 60 0.7 -160 0,18 0,89 0.6 1 60 -1301,55 -261,585 1,186 4 1 61,974
1000.0 1.0 0,991 50 0.7 -180 0,2 0,89 0.6 1 60 -936,069 -96,098 1,119 2 0 47,864
1000.0 1.0 0,991 70 0.7 -180 0,18 0,89 0.2 1 60 -731,489 -12,054 1,114 0 0 58,428
2000.0 1.0 0,991 50 0.7 -140 0,22 0,89 0.2 1 60 -775,62 -12,581 1,16 0 0 54,721
2000.0 1.0 0,991 60 0.7 -140 0,2 0,91 0.4 1 60 -668,702 -14,248 1,02 0 0 62,089
3000.0 2.0 0,991 60 0.7 -140 0,22 0,87 0.6 1 60 -687,656 -16,248 1,044 0 0 63,345
2000.0 2.0 0,991 50 0.7 -140 0,18 0,87 0.6 1 60 -786,806 -12,248 1,193 0 0 54,315
2000.0 2.0 0,991 50 0.7 -180 0,18 0,87 0.4 1 60 -741,728 -12,248 1,113 0 0 52,859
1000.0 1.0 0,991 50 0.7 -160 0,2 0,91 0.2 1 60 -738,723 -18,649 1,083 1 0 47,623
3000.0 2.0 0,991 50 0.7 -160 0,2 0,87 0.4 1 60 -743,65 -12,248 1,121 0 0 52,508
2000.0 2.0 0,991 50 0.7 -180 0,18 0,89 0.4 1 60 -782,666 -14,914 1,175 0 0 52,252
2000.0 1.0 0,991 50 0.7 -140 0,18 0,89 0.2 1 60 -873,291 -31,004 1,147 3 0 54,493
1000.0 5.0 0,991 70 0.7 -180 0,18 0,89 0.6 1 60 -774,652 -14 1,156 0 0 58,596
2000.0 2.0 0,991 70 0.7 -160 0,18 0,91 0.6 1 60 -693,799 -12,581 1,055 0 0 69,25
3000.0 2.0 0,991 70 0.7 -140 0,2 0,91 0.4 1 60 -1419,524 -200,107 1,064 7 2 78,333
2000.0 2.0 0,991 50 0.7 -160 0,2 0,91 0.2 1 60 -767,829 -11,054 1,164 0 0 53,301
3000.0 5.0 0,991 70 0.7 -140 0,18 0,89 0.6 1 60 -708,197 -15,177 1,072 0 0 71,876
1000.0 1.0 0,991 70 0.7 -180 0,2 0,91 0.6 1 60 -703,629 -13,914 1,057 0 0 61,082
3000.0 1.0 0,991 60 0.7 -180 0,22 0,87 0.4 1 60 -749,682 -16,248 1,159 0 0 63,692
3000.0 5.0 0,991 60 0.7 -140 0,22 0,91 0.6 1 60 -716,499 -10,387 1,071 0 0 64,541
2000.0 2.0 0,991 50 0.7 -140 0,18 0,91 0.6 1 60 -764,951 -9,988 1,167 0 0 54,374
1000.0 5.0 0,991 50 0.7 -180 0,2 0,87 0.2 1 60 -1559,316 -304,409 1,069 12 3 43,188
2000.0 1.0 0,991 70 0.7 -160 0,18 0,91 0.4 1 60 -672,192 -13,248 1,068 0 0 71,216
2000.0 2.0 0,991 70 0.7 -180 0,22 0,91 0.2 1 60 -762,541 -14,248 1,14 0 0 67,26
1000.0 2.0 0,991 60 0.7 -160 0,2 0,91 0.6 1 60 -687,403 -13,581 1,057 0 0 54,272
1000.0 2.0 0,991 50 0.7 -160 0,2 0,89 0.6 1 60 -1556,585 -201,277 1,175 7 2 49,943
2000.0 1.0 0,991 50 0.7 -140 0,18 0,87 0.2 1 60 -772,88 -12,054 1,167 0 0 60,285
3000.0 5.0 0,991 70 0.7 -180 0,18 0,89 0.2 1 60 -638,807 -8,149 0,984 0 0 81,092
1000.0 1.0 0,991 70 0.7 -140 0,18 0,89 0.2 1 60 -720,965 -14,956 1,096 1 0 63,2
1000.0 1.0 0,991 50 0.7 -180 0,22 0,89 0.6 1 60 -852,96 -11,914 1,246 0 0 46,598
1000.0 5.0 0,991 70 0.7 -140 0,2 0,87 0.2 1 60 -763,815 -9,581 1,151 0 0 59,847
3000.0 1.0 0,991 60 0.7 -140 0,18 0,87 0.2 1 60 -747,033 -23,149 1,106 1 0 62,983
2000.0 2.0 0,991 50 0.7 -180 0,2 0,89 0.4 1 60 -723,039 -12,387 1,088 0 0 51,556
2000.0 1.0 0,991 50 0.7 -140 0,2 0,87 0.6 1 60 -806,516 -12,248 1,21 0 0 53,501
1000.0 5.0 0,991 60 0.7 -180 0,18 0,91 0.6 1 60 -3351,58 -547,209 1,173 18 9 51,319
1000.0 2.0 0,991 50 0.7 -160 0,18 0,87 0.2 1 60 -746,315 -14,248 1,088 1 0 45,253
2000.0 5.0 0,991 50 0.7 -140 0,22 0,89 0.6 1 60 -3752,552 -423,613 1,105 20 9 52,226
3000.0 2.0 0,991 60 0.7 -140 0,18 0,87 0.2 1 60 -742,704 -14,914 1,146 0 0 64,187
3000.0 5.0 0,991 60 0.7 -180 0,18 0,89 0.6 1 60 -781,066 -12,914 1,158 0 0 66,047
2000.0 1.0 0,991 60 0.7 -140 0,2 0,89 0.2 1 60 -702,767 -12,248 1,067 0 0 60,391
1000.0 2.0 0,991 60 0.7 -140 0,22 0,87 0.4 1 60 -718,478 -15,914 1,111 0 0 51,667
1000.0 1.0 0,991 60 0.7 -140 0,18 0,87 0.6 1 60 -788,716 -14,248 1,196 0 0 53,525
3000.0 2.0 0,991 60 0.7 -180 0,18 0,89 0.6 1 60 -709,345 -12,581 1,072 0 0 64,317
3000.0 5.0 0,991 60 0.7 -180 0,2 0,89 0.6 1 60 -742,962 -16,248 1,116 0 0 63,424
2000.0 5.0 0,991 60 0.7 -160 0,2 0,91 0.6 1 60 -1488,886 -381,228 1,1 4 3 61,312
2000.0 1.0 0,991 60 0.7 -160 0,2 0,91 0.2 1 60 -704,316 -12,248 1,086 0 0 62,622
1000.0 2.0 0,991 70 0.7 -160 0,22 0,89 0.6 1 60 -853,72 -45,545 1,14 1 0 63,241
3000.0 5.0 0,991 50 0.7 -140 0,22 0,91 0.6 1 60 -1948,694 -175,446 1,131 9 2 56,514
3000.0 5.0 0,991 60 0.7 -180 0,18 0,89 0.6 1 60 -978,97 -132,017 1,102 3 0 66,277
1000.0 1.0 0,991 60 0.7 -140 0,18 0,87 0.2 1 60 -758,034 -16,521 1,095 1 0 54,685
1000.0 5.0 0,991 70 0.7 -180 0,22 0,87 0.6 1 60 -768,743 -12,581 1,169 0 0 60,573
1000.0 5.0 0,991 50 0.7 -140 0,18 0,89 0.6 1 60 -1046,755 -87,054 1,219 3 0 48,716
2000.0 5.0 0,991 60 0.7 -180 0,22 0,91 0.2 1 60 -1133,858 -102,465 1,081 9 0 61,221
3000.0 2.0 0,991 60 0.7 -140 0,22 0,87 0.6 1 60 -766,878 -15,914 1,157 0 0 61,605
3000.0 5.0 0,991 70 0.7 -180 0,22 0,87 0.2 1 60 -772,907 -21,982 1,114 1 0 68,984
2000.0 5.0 0,991 70 0.7 -160 0,22 0,89 0.2 1 60 -761,663 -11,914 1,151 0 0 68,396
2000.0 1.0 0,991 70 0.7 -160 0,18 0,91 0.2 1 60 -736,042 -18,392 1,08 1 0 69,754
1000.0 2.0 0,991 70 0.7 -160 0,18 0,89 0.4 1 60 -753,183 -12,248 1,16 0 0 60,809
1000.0 2.0 0,991 70 0.7 -180 0,18 0,91 0.4 1 60 -719,387 -14 1,092 0 0 61,168
3000.0 1.0 0,991 70 0.7 -140 0,2 0,89 0.4 1 60 -638,118 -12,248 0,994 0 0 75,037
1000.0 2.0 0,991 60 0.7 -180 0,18 0,89 0.4 1 60 -724,921 -12,581 1,096 0 0 52,667
3000.0 1.0 0,991 70 0.7 -140 0,18 0,87 0.4 1 60 -686,192 -15,248 1,039 0 0 73,964
3000.0 1.0 0,991 60 0.7 -160 0,22 0,91 0.6 1 60 -615,845 -12,248 0,976 0 0 62,306
3000.0 1.0 0,991 50 0.7 -180 0,2 0,89 0.6 1 60 -733,019 -16,248 1,125 0 0 53,738
3000.0 1.0 0,991 50 0.7 -160 0,22 0,91 0.4 1 60 -718,515 -11,334 1,08 0 0 56,284
2000.0 5.0 0,991 70 0.7 -180 0,2 0,89 0.6 1 60 -706,247 -15,844 1,091 0 0 66,035
2000.0 1.0 0,991 50 0.7 -160 0,22 0,91 0.2 1 60 -812,19 -23,629 1,141 2 0 54,011
2000.0 2.0 0,991 50 0.7 -140 0,18 0,91 0.6 1 60 -777,37 -9,387 1,165 0 0 52,266
1000.0 2.0 0,991 70 0.7 -140 0,22 0,91 0.2 1 60 -725,981 -18,089 1,061 1 0 62,258
3000.0 2.0 0,991 60 0.7 -180 0,18 0,91 0.6 1 60 -719,726 -12,914 1,107 0 0 64,57
3000.0 1.0 0,991 70 0.7 -140 0,18 0,87 0.6 1 60 -640 -12,248 1,01 0 0 71,146
2000.0 1.0 0,991 60 0.7 -160 0,22 0,91 0.6 1 60 -691,258 -12,248 1,046 0 0 59,539
3000.0 2.0 0,991 70 0.7 -180 0,2 0,89 0.4 1 60 -692,272 -12,248 1,067 0 0 71,837
1000.0 5.0 0,991 70 0.7 -140 0,2 0,91 0.2 1 60 -783,517 -14,914 1,152 0 0 66,938
2000.0 2.0 0,991 70 0.7 -160 0,22 0,89 0.4 1 60 -780,41 -31,805 1,111 1 0 65,663
3000.0 5.0 0,991 70 0.7 -180 0,18 0,89 0.2 1 60 -1159,564 -166,004 1,128 7 1 73,903
3000.0 2.0 0,991 70 0.7 -180 0,22 0,91 0.4 1 60 -706,367 -27,559 0,984 1 0 71,496
1000.0 1.0 0,991 70 0.7 -140 0,18 0,91 0.2 1 60 -692,008 -12,581 1,072 0 0 62,353
1000.0 2.0 0,991 70 0.7 -160 0,18 0,89 0.6 1 60 -676,881 -13,248 1,087 0 0 57,669
1000.0 1.0 0,991 70 0.7 -160 0,18 0,91 0.4 1 60 -714,097 -12,581 1,078 0 0 62,599
2000.0 2.0 0,991 60 0.7 -180 0,22 0,91 0.4 1 60 -721,719 -35,09 1,029 1 0 61,922
1000.0 1.0 0,991 70 0.7 -180 0,18 0,91 0.2 1 60 -719,001 -14,248 1,111 0 0 61,329
3000.0 5.0 0,991 70 0.7 -180 0,22 0,89 0.6 1 60 -710,827 -12,914 1,092 0 0 68,221
2000.0 1.0 0,991 60 0.7 -180 0,2 0,91 0.4 1 60 -2095,04 -493,28 1,073 10 4 65,001
3000.0 2.0 0,991 60 0.7 -160 0,18 0,91 0.4 1 60 -689,573 -8,667 1,064 0 0 68,026
2000.0 2.0 0,991 60 0.7 -180 0,18 0,91 0.2 1 60 -757,199 -22,743 1,023 3 0 62,547
1000.0 1.0 0,991 70 0.7 -140 0,18 0,87 0.4 1 60 -659,379 -14,248 1,003 0 0 59,71
3000.0 2.0 0,991 60 0.7 -160 0,18 0,87 0.4 1 60 -723,082 -12,581 1,101 0 0 64,273
3000.0 1.0 0,991 70 0.7 -160 0,22 0,91 0.2 1 60 -725,288 -12,581 1,1 0 0 73,993
3000.0 2.0 0,991 50 0.7 -180 0,22 0,91 0.4 1 60 -752,005 -30,611 1,037 1 0 55,036
3000.0 2.0 0,991 60 0.7 -140 0,2 0,89 0.2 1 60 -724,952 -24,732 1,069 1 0 61,627
1000.0 1.0 0,991 50 0.7 -140 0,22 0,89 0.6 1 60 -1020,728 -96,657 1,238 2 0 49,039
3000.0 1.0 0,991 60 0.7 -160 0,22 0,89 0.6 1 60 -679,879 -12,248 1,032 0 0 60,953
1000.0 2.0 0,991 70 0.7 -160 0,2 0,91 0.4 1 60 -682,682 -13,248 1,043 0 0 59,05
2000.0 2.0 0,991 70 0.7 -180 0,18 0,89 0.6 1 60 -693,975 -12,581 1,053 0 0 66,362
3000.0 5.0 0,991 70 0.7 -180 0,18 0,91 0.6 1 60 -1359,283 -317,533 1,125 4 2 72,291
1000.0 2.0 0,991 60 0.7 -140 0,22 0,91 0.2 1 60 -690,948 -16,829 1,037 0 0 54,776
3000.0 1.0 0,991 50 0.7 -160 0,2 0,91 0.2 1 60 -817,862 -20,097 1,125 2 0 59,961
3000.0 2.0 0,991 70 0.7 -140 0,22 0,91 0.6 1 60 -696,585 -12,248 1,08 0 0 71,183
2000.0 2.0 0,991 50 0.7 -180 0,2 0,89 0.2 1 60 -853,032 -22,582 1,192 1 0 50,855
3000.0 1.0 0,991 60 0.7 -180 0,2 0,87 0.2 1 60 -785,207 -16,728 1,142 1 0 63,429
1000.0 2.0 0,991 70 0.7 -140 0,22 0,91 0.6 1 60 -728,411 -16,248 1,102 0 0 63,407
2000.0 2.0 0,991 60 0.7 -140 0,18 0,91 0.4 1 60 -982,892 -93,557 1,054 3 1 60,815
3000.0 2.0 0,991 60 0.7 -160 0,18 0,91 0.6 1 60 -717,097 -12,914 1,112 0 0 67,005
2000.0 1.0 0,991 70 0.7 -140 0,2 0,91 0.6 1 60 -680,562 -11,248 1,039 0 0 69,077
3000.0 1.0 0,991 70 0.7 -160 0,22 0,91 0.6 1 60 -681,732 -13,581 1,059 0 0 69,695
3000.0 5.0 0,991 70 0.7 -160 0,22 0,91 0.4 1 60 -661,457 -13,248 0,993 0 0 71,183
2000.0 5.0 0,991 70 0.7 -140 0,2 0,91 0.2 1 60 -1003,373 -154,367 1,028 2 1 68,245
2000.0 2.0 0,991 50 0.7 -180 0,18 0,89 0.6 1 60 -754,068 -14,581 1,13 0 0 51,399
1000.0 2.0 0,991 70 0.7 -160 0,2 0,91 0.4 1 60 -701,213 -12,581 1,104 0 0 58,717
3000.0 2.0 0,991 60 0.7 -140 0,2 0,91 0.4 1 60 -672,622 -12,581 1,021 0 0 63,269
3000.0 1.0 0,991 60 0.7 -160 0,18 0,91 0.4 1 60 -674,304 -14,914 1,047 0 0 64,79
1000.0 1.0 0,991 70 0.7 -140 0,2 0,91 0.4 1 60 -722,121 -12,581 1,087 0 0 62,305
1000.0 5.0 0,991 60 0.7 -160 0,22 0,91 0.6 1 60 -1097,114 -161,105 1,159 2 1 53,345
2000.0 1.0 0,991 60 0.7 -140 0,18 0,91 0.6 1 60 -701,131 -8,687 1,072 0 0 61,49
3000.0 1.0 0,991 70 0.7 -160 0,2 0,89 0.2 1 60 -789,376 -16,988 1,094 2 0 73,974
1000.0 2.0 0,991 60 0.7 -140 0,18 0,91 0.4 1 60 -830,153 -31,033 1,164 1 0 58,829
1000.0 2.0 0,991 70 0.7 -180 0,18 0,89 0.4 1 60 -700,48 -9,149 1,068 0 0 59,712
2000.0 2.0 0,991 70 0.7 -180 0,18 0,89 0.6 1 60 -782,806 -12,914 1,186 0 0 69,838
1000.0 5.0 0,991 70 0.7 -140 0,2 0,87 0.4 1 60 -1497,043 -402,775 1,04 4 3 60,095
1000.0 5.0 0,991 50 0.7 -180 0,22 0,89 0.2 1 60 -776,646 -20,796 1,121 0 1 45,06
2000.0 2.0 0,991 70 0.7 -140 0,18 0,91 0.4 1 60 -675,793 -12,248 0,984 0 0 70,657
3000.0 1.0 0,991 70 0.7 -160 0,22 0,91 0.2 1 60 -800,914 -20,635 1,148 1 0 77,926
2000.0 2.0 0,991 70 0.7 -160 0,18 0,89 0.6 1 60 -854,766 -92,778 1,053 2 0 68,427
3000.0 2.0 0,991 70 0.7 -180 0,22 0,91 0.4 1 60 -715,308 -14,581 1,103 0 0 72,125
2000.0 2.0 0,991 70 0.7 -160 0,18 0,89 0.6 1 60 -688,915 -12,248 1,05 0 0 67,072
2000.0 2.0 0,991 60 0.7 -180 0,22 0,91 0.4 1 60 -1285,653 -167,686 1,156 7 1 64,983
1000.0 1.0 0,991 70 0.7 -140 0,18 0,91 0.2 1 60 -780,545 -12,248 1,171 0 0 67,031
1000.0 2.0 0,991 70 0.7 -180 0,2 0,87 0.2 1 60 -701,197 -15,248 1,103 0 0 57,867
3000.0 1.0 0,991 70 0.7 -140 0,18 0,87 0.4 1 60 -768,828 -12,248 1,156 0 0 72,204
1000.0 2.0 0,991 70 0.7 -160 0,18 0,91 0.4 1 60 -721,72 -12,248 1,102 0 0 61,045
1000.0 2.0 0,991 70 0.7 -160 0,18 0,91 0.4 1 60 -670,143 -14,248 1,048 0 0 59,876
2000.0 1.0 0,991 70 0.7 -140 0,22 0,91 0.2 1 60 -641,229 -12,054 0,989 0 0 69,156
3000.0 2.0 0,991 60 0.7 -160 0,18 0,91 0.4 1 60 -684,491 -13,248 1,067 0 0 66,59
1000.0 1.0 0,991 70 0.7 -140 0,18 0,87 0.2 1 60 -813,866 -16,917 1,151 2 0 62,986
3000.0 1.0 0,991 60 0.7 -160 0,22 0,91 0.6 1 60 -1371,249 -331,88 1,087 4 2 63,478
1000.0 1.0 0,991 70 0.7 -160 0,18 0,91 0.2 1 60 -746,444 -12,581 1,158 0 0 63,267
2000.0 1.0 0,991 70 0.7 -140 0,22 0,91 0.2 1 60 -721,849 -12,248 1,104 0 0 68,945
1000.0 5.0 0,991 70 0.7 -160 0,2 0,91 0.2 1 60 -713,611 -12,914 1,1 0 0 60,514
2000.0 1.0 0,991 60 0.7 -160 0,22 0,91 0.6 1 60 -683,443 -13,914 1,082 0 0 58,373
1000.0 2.0 0,991 50 0.7 -160 0,18 0,91 0.6 1 60 -3360,174 -439,459 1,11 20 7 53,659
2000.0 1.0 0,991 60 0.7 -160 0,2 0,91 0.4 1 60 -1872,717 -317,243 1,051 8 5 62,305
3000.0 1.0 0,991 50 0.7 -160 0,2 0,91 0.2 1 60 -733,801 -12,248 1,108 0 0 57,04
2000.0 2.0 0,991 70 0.7 -160 0,22 0,89 0.6 1 60 -678,4 -16,248 1,032 0 0 67,383
3000.0 5.0 0,991 70 0.7 -180 0,2 0,91 0.4 1 60 -840,354 -36,945 1,154 1 0 75,878
2000.0 2.0 0,991 60 0.7 -180 0,18 0,91 0.2 1 60 -718,809 -14,807 1,046 2 0 60,749
2000.0 2.0 0,991 50 0.7 -180 0,22 0,91 0.4 1 60 -728,961 -12,248 1,113 0 0 50,722
1000.0 2.0 0,991 70 0.7 -160 0,18 0,89 0.6 1 60 -915,636 -119,547 1,071 3 0 62,174
3000.0 1.0 0,991 70 0.7 -140 0,18 0,87 0.4 1 60 -704,211 -27,221 1,015 1 0 73,468
2000.0 2.0 0,991 70 0.7 -180 0,18 0,87 0.6 1 60 -707,894 -13,581 1,082 0 0 65,194
1000.0 1.0 0,991 70 0.7 -140 0,18 0,87 0.2 1 60 -778,505 -17,315 1,153 1 0 63,229
3000.0 2.0 0,991 60 0.7 -160 0,22 0,87 0.4 1 60 -707,237 -15,581 1,075 0 0 60,032
1000.0 2.0 0,991 60 0.7 -140 0,22 0,91 0.6 1 60 -754,461 -14,581 1,133 0 0 54,588
3000.0 5.0 0,991 70 0.7 -180 0,18 0,89 0.2 1 60 -720,225 -12,581 1,114 0 0 72,462
2000.0 2.0 0,991 60 0.7 -140 0,22 0,91 0.4 1 60 -998,879 -127,801 1,117 2 1 63,264
2000.0 2.0 0,991 60 0.7 -140 0,22 0,91 0.6 1 60 -743,223 -12,248 1,148 0 0 61,895
3000.0 1.0 0,991 70 0.7 -180 0,2 0,89 0.6 1 60 -739,771 -12,914 1,118 0 0 73,375
2000.0 2.0 0,991 60 0.7 -160 0,2 0,91 0.6 1 60 -685 -15,334 1,042 0 0 60,177
2000.0 2.0 0,991 70 0.7 -160 0,18 0,91 0.6 1 60 -704,984 -12,248 1,067 0 0 67,639
3000.0 1.0 0,991 70 0.7 -180 0,22 0,91 0.4 1 60 -653,017 -12,914 1,017 0 0 73,289
3000.0 2.0 0,991 60 0.7 -160 0,22 0,91 0.4 1 60 -1087,674 -179,907 1,077 5 1 65,283
1000.0 2.0 0,991 50 0.7 -160 0,22 0,91 0.2 1 60 -756,828 -15,721 1,11 1 0 48,373
3000.0 1.0 0,991 50 0.7 -160 0,18 0,89 0.4 1 60 -747,137 -12,581 1,139 0 0 55,711
1000.0 2.0 0,991 70 0.7 -180 0,18 0,89 0.6 1 60 -765,997 -12,248 1,108 0 0 61,126
1000.0 2.0 0,991 50 0.7 -160 0,2 0,87 0.2 1 60 -831,162 -17,405 1,111 3 0 45,501
3000.0 2.0 0,991 70 0.7 -140 0,22 0,91 0.6 1 60 -713,549 -13,248 1,073 0 0 74,308
1000.0 1.0 0,991 70 0.7 -140 0,2 0,91 0.2 1 60 -858,153 -22,656 1,186 2 0 62,872
1000.0 1.0 0,991 70 0.7 -140 0,18 0,91 0.4 1 60 -700,797 -12,054 1,075 0 0 62,694
3000.0 5.0 0,991 70 0.7 -160 0,22 0,89 0.4 1 60 -757,133 -9,177 1,141 0 0 71,883
2000.0 1.0 0,991 60 0.7 -180 0,22 0,91 0.4 1 60 -734,123 -12,248 1,135 0 0 58,765
3000.0 1.0 0,991 60 0.7 -160 0,18 0,91 0.4 1 60 -692,159 -12,581 1,044 0 0 62,48
2000.0 1.0 0,991 70 0.7 -160 0,18 0,87 0.2 1 60 -732,62 -16,968 1,06 2 0 68,386
3000.0 1.0 0,991 70 0.7 -180 0,22 0,87 0.4 1 60 -725,167 -14,248 1,125 0 0 70,652
2000.0 1.0 0,991 70 0.7 -140 0,18 0,91 0.6 1 60 -687,077 -12,248 1,035 0 0 69,558
3000.0 1.0 0,991 70 0.7 -160 0,22 0,87 0.2 1 60 -742,09 -12,248 1,138 0 0 72,896
3000.0 1.0 0,991 60 0.7 -160 0,22 0,91 0.6 1 60 -697,283 -12,248 1,067 0 0 63,841
2000.0 1.0 0,991 70 0.7 -180 0,18 0,87 0.6 1 60 -758,791 -12,581 1,141 0 0 68,168
1000.0 5.0 0,991 60 0.7 -160 0,2 0,91 0.4 1 60 -2742,369 -295,695 1,118 13 8 56,5
1000.0 1.0 0,991 70 0.7 -140 0,18 0,91 0.2 1 60 -715,354 -12,581 1,087 0 0 62,876
2000.0 2.0 0,991 70 0.7 -180 0,22 0,91 0.4 1 60 -777,676 -13,581 1,141 0 0 67,173
2000.0 2.0 0,991 60 0.7 -140 0,22 0,91 0.4 1 60 -1148,996 -231,842 1,07 2 2 61,221
2000.0 1.0 0,991 60 0.7 -180 0,22 0,91 0.4 1 60 -703,42 -13,914 1,089 0 0 60,737
3000.0 1.0 0,991 70 0.7 -160 0,2 0,91 0.2 1 60 -676,493 -12,248 1,046 0 0 74,296
1000.0 2.0 0,991 50 0.7 -160 0,18 0,91 0.6 1 60 -894,159 -83,449 1,118 2 0 48,037
1000.0 5.0 0,991 70 0.7 -140 0,18 0,91 0.4 1 60 -709,364 -10,721 1,053 0 0 60,745
3000.0 1.0 0,991 60 0.7 -180 0,22 0,91 0.6 1 60 -721,842 -12,248 1,066 0 0 63,326
3000.0 5.0 0,991 70 0.7 -180 0,2 0,89 0.4 1 60 -763,316 -12,248 1,134 0 0 71,653
2000.0 2.0 0,991 60 0.7 -160 0,18 0,89 0.6 1 60 -703,06 -13,248 1,072 0 0 60,418
1000.0 5.0 0,991 70 0.7 -140 0,18 0,91 0.4 1 60 -2061,495 -397,895 1,056 10 6 61,739
1000.0 2.0 0,991 70 0.7 -140 0,2 0,87 0.4 1 60 -737,204 -12,914 1,12 0 0 61,428
2000.0 2.0 0,991 60 0.7 -140 0,22 0,91 0.6 1 60 -1457,578 -233,376 1,069 6 2 60,953
2000.0 1.0 0,991 70 0.7 -180 0,2 0,89 0.6 1 60 -714,956 -9,581 1,078 0 0 66,689
2000.0 1.0 0,991 70 0.7 -160 0,18 0,91 0.6 1 60 -714,183 -7,926 1,067 0 0 70,591
3000.0 2.0 0,991 60 0.7 -160 0,18 0,89 0.4 1 60 -823,055 -28,294 1,163 1 0 62,708
1000.0 2.0 0,991 60 0.7 -140 0,22 0,91 0.6 1 60 -701,942 -12,581 1,087 0 0 54,415
3000.0 2.0 0,991 70 0.7 -140 0,2 0,87 0.2 1 60 -707,987 -26,469 1,016 1 0 70,566
1000.0 2.0 0,991 70 0.7 -160 0,22 0,91 0.4 1 60 -733,312 -13,581 1,104 0 0 59,923
3000.0 5.0 0,991 70 0.7 -160 0,22 0,91 0.4 1 60 -1007,08 -91,701 1,127 3 1 76,453
2000.0 1.0 0,991 70 0.7 -160 0,2 0,91 0.4 1 60 -763,231 -33,334 1,057 1 0 69,549
2000.0 2.0 0,991 70 0.7 -160 0,18 0,91 0.4 1 60 -746,199 -31,082 1,045 1 0 71,454
3000.0 2.0 0,991 60 0.7 -140 0,2 0,91 0.4 1 60 -1043,771 -157,074 1,134 2 1 64,464
3000.0 1.0 0,991 60 0.7 -160 0,18 0,91 0.4 1 60 -693,128 -12,248 1,062 0 0 63,453
2000.0 2.0 0,991 70 0.7 -180 0,22 0,91 0.2 1 60 -800,254 -23,349 1,157 1 0 68,425
3000.0 2.0 0,991 70 0.7 -140 0,2 0,87 0.2 1 60 -759,068 -14,653 1,113 1 0 75,375
2000.0 2.0 0,991 70 0.7 -180 0,22 0,91 0.4 1 60 -724,771 -12,581 1,103 0 0 66,962
3000.0 2.0 0,991 70 0.7 -180 0,22 0,87 0.4 1 60 -698,767 -12,248 1,066 0 0 71,641
1000.0 2.0 0,991 70 0.7 -160 0,22 0,89 0.6 1 60 -750,227 -14,914 1,144 0 0 59,736
2000.0 2.0 0,991 70 0.7 -180 0,22 0,91 0.2 1 60 -691,11 -12,581 1,044 0 0 66,53
3000.0 2.0 0,991 70 0.7 -180 0,22 0,87 0.4 1 60 -711,357 -12,248 1,105 0 0 70,892
3000.0 1.0 0,991 70 0.7 -140 0,2 0,91 0.2 1 60 -684,818 -12,248 1,041 0 0 73,114
2000.0 1.0 0,991 70 0.7 -180 0,22 0,87 0.6 1 60 -679,837 -14,248 1,041 0 0 62,839
1000.0 1.0 0,991 70 0.7 -160 0,22 0,91 0.2 1 60 -648,993 -15,248 1,017 0 0 59,798
3000.0 1.0 0,991 50 0.7 -160 0,2 0,87 0.4 1 60 -738,237 -16,248 1,123 0 0 56,192
1000.0 2.0 0,991 60 0.7 -140 0,2 0,91 0.4 1 60 -721,001 -14,248 1,106 0 0 55,635
1000.0 2.0 0,991 70 0.7 -160 0,22 0,91 0.2 1 60 -713,276 -15,248 1,113 0 0 61,962
3000.0 5.0 0,991 60 0.7 -160 0,2 0,89 0.4 1 60 -719,504 -14 1,075 0 0 64,811
3000.0 1.0 0,991 60 0.7 -160 0,22 0,91 0.4 1 60 -686,625 -12,248 1,063 0 0 61,215
2000.0 2.0 0,991 70 0.7 -140 0,2 0,91 0.6 1 60 -702,529 -13,581 1,039 0 0 69,231
3000.0 2.0 0,991 50 0.7 -180 0,22 0,91 0.4 1 60 -703,688 -12,248 1,095 0 0 54,02
3000.0 1.0 0,991 60 0.7 -180 0,22 0,91 0.4 1 60 -817,309 -30,779 1,143 1 0 61,687
2000.0 1.0 0,991 70 0.7 -160 0,18 0,91 0.6 1 60 -724,927 -12,248 1,113 0 0 70,581
2000.0 2.0 0,991 70 0.7 -140 0,2 0,91 0.4 1 60 -701,326 -12,248 1,082 0 0 69,32
2000.0 1.0 0,991 70 0.7 -160 0,2 0,89 0.6 1 60 -730,537 -12,248 1,118 0 0 68,755
3000.0 2.0 0,991 70 0.7 -180 0,18 0,91 0.4 1 60 -656,067 -12,581 1,017 0 0 72,077
1000.0 5.0 0,991 60 0.7 -140 0,22 0,91 0.4 1 60 -4133,76 -507,143 1,1 24 15 57,719
2000.0 2.0 0,991 60 0.7 -140 0,2 0,91 0.4 1 60 -755,848 -12,248 1,16 0 0 61,798
1000.0 1.0 0,991 70 0.7 -160 0,2 0,91 0.2 1 60 -657,494 -12,581 1,013 0 0 59,674
3000.0 2.0 0,991 70 0.7 -140 0,2 0,87 0.2 1 60 -711,678 -14,248 1,099 0 0 70,297
1000.0 2.0 0,991 70 0.7 -160 0,18 0,91 0.4 1 60 -773,763 -12,248 1,163 0 0 60,669
2000.0 1.0 0,991 60 0.7 -180 0,18 0,87 0.6 1 60 -744,099 -12,581 1,111 0 0 57,133
1000.0 1.0 0,991 70 0.7 -180 0,18 0,91 0.2 1 60 -734,334 -10,149 1,102 0 0 61,941
1000.0 5.0 0,991 70 0.7 -160 0,22 0,91 0.4 1 60 -990,132 -129,447 1,11 2 1 59,429
1000.0 2.0 0,991 70 0.7 -140 0,2 0,87 0.2 1 60 -950,097 -37,841 1,154 6 0 63,016
3000.0 2.0 0,991 70 0.7 -140 0,2 0,87 0.2 1 60 -701,227 -12,581 1,103 0 0 71,091
3000.0 2.0 0,991 70 0.7 -180 0,22 0,87 0.6 1 60 -807,127 -41,048 1,123 1 0 69,077
3000.0 2.0 0,991 60 0.7 -140 0,2 0,89 0.6 1 60 -673,069 -14,914 1,048 0 0 64,985
1000.0 2.0 0,991 70 0.7 -160 0,22 0,89 0.2 1 60 -755,931 -16,899 1,085 2 0 60,765
2000.0 1.0 0,991 70 0.7 -180 0,22 0,91 0.4 1 60 -688,144 -13,581 1,043 0 0 65,439
3000.0 1.0 0,991 60 0.7 -160 0,18 0,91 0.4 1 60 -715,687 -12,581 1,105 0 0 66,296
3000.0 1.0 0,991 70 0.7 -180 0,2 0,89 0.4 1 60 -690,921 -12,581 1,07 0 0 71,45
2000.0 1.0 0,991 60 0.7 -160 0,22 0,91 0.6 1 60 -697,019 -12,248 1,059 0 0 60,922
2000.0 5.0 0,991 70 0.7 -140 0,18 0,87 0.4 1 60 -1209,307 -231,411 1,13 2 2 70,592
2000.0 2.0 0,991 70 0.7 -140 0,18 0,91 0.6 1 60 -1630,929 -345,339 1,052 8 2 72,195
1000.0 5.0 0,991 50 0.7 -160 0,2 0,91 0.4 1 60 -2324,233 -270,391 1,143 14 6 47,663
3000.0 2.0 0,991 70 0.7 -180 0,22 0,87 0.6 1 60 -723,373 -16,248 1,129 0 0 69,996
1000.0 2.0 0,991 50 0.7 -160 0,18 0,91 0.6 1 60 -922,676 -108,955 1,081 2 0 49,299
3000.0 1.0 0,991 70 0.7 -180 0,22 0,91 0.4 1 60 -768,815 -12,248 1,159 0 0 72,65
3000.0 1.0 0,991 60 0.7 -180 0,22 0,91 0.6 1 60 -720,522 -13,248 1,072 0 0 63,025
2000.0 2.0 0,991 70 0.7 -160 0,18 0,91 0.6 1 60 -723,1 -12,581 1,095 0 0 67,388
2000.0 2.0 0,991 50 0.7 -160 0,22 0,91 0.6 1 60 -2346,16 -321,189 1,152 14 3 54,811
2000.0 2.0 0,991 50 0.7 -160 0,22 0,91 0.6 1 60 -721,123 -12,581 1,131 0 0 50,797
2000.0 2.0 0,991 60 0.7 -180 0,18 0,91 0.4 1 60 -786,56 -12,248 1,213 0 0 64,306
2000.0 2.0 0,991 50 0.7 -160 0,18 0,89 0.6 1 60 -1203,311 -182,579 1,172 4 1 52,815
2000.0 1.0 0,991 70 0.7 -180 0,2 0,89 0.6 1 60 -747,642 -14,581 1,131 0 0 69,528
3000.0 2.0 0,991 60 0.7 -180 0,22 0,89 0.2 1 60 -756,255 -12,581 1,131 0 0 61,251
2000.0 2.0 0,991 70 0.7 -180 0,22 0,91 0.4 1 60 -724,091 -14,387 1,073 0 0 66,574
2000.0 5.0 0,991 70 0.7 -140 0,18 0,87 0.4 1 60 -4552,533 -688,809 1,032 30 10 70,234
1000.0 2.0 0,991 60 0.7 -140 0,22 0,91 0.6 1 60 -786,482 -53,203 1,035 1 0 53,022
1000.0 2.0 0,991 70 0.7 -140 0,18 0,91 0.4 1 60 -775,605 -16,162 1,139 0 0 64,085
2000.0 1.0 0,991 70 0.7 -160 0,2 0,87 0.4 1 60 -723,006 -13,914 1,128 0 0 68,263
1000.0 1.0 0,991 60 0.7 -180 0,22 0,91 0.4 1 60 -674,027 -12,248 1,033 0 0 53,042