
3000.0 1.0 0,992 50 0.7 -170 0,16 0,92 0.3 1 60 -686,987 -12,248 1,03 0 0 75,481
4000.0 1.0 0,992 60 0.7 -170 0,2 0,94 0.3 1 60 -654,848 -16,667 0,995 0 0 79,078
3000.0 1.0 0,992 60 0.7 -130 0,2 0,92 0.3 1 60 -749,217 -12,248 1,126 0 0 83,924
3000.0 1.0 0,992 50 0.7 -170 0,18 0,94 0.3 1 60 -718,28 -10,581 1,093 0 0 74,735
4000.0 1.0 0,992 60 0.7 -150 0,2 0,9 0.3 1 60 -690,954 -11,387 1,06 0 0 83,753
3000.0 1.0 0,992 50 0.7 -130 0,18 0,92 0.3 1 60 -691,61 -10,721 1,05 0 0 72,939
4000.0 1.0 0,992 50 0.7 -150 0,16 0,9 0.3 1 60 -731,716 -12,581 1,14 0 0 74,083
3000.0 1.0 0,992 50 0.7 -130 0,18 0,9 0.3 1 60 -726,463 -12,581 1,092 0 0 73,598
4000.0 1.0 0,992 50 0.7 -150 0,16 0,92 0.3 1 60 -758,302 -9,721 1,123 0 0 77,357
4000.0 1.0 0,992 60 0.7 -170 0,18 0,9 0.3 1 60 -714,117 -12,054 1,1 0 0 84,963
3000.0 1.0 0,992 60 0.7 -170 0,16 0,94 0.3 1 60 -643,945 -15 0,987 0 0 83,977
2000.0 1.0 0,992 60 0.7 -170 0,2 0,92 0.3 1 60 -705,286 -12,248 1,083 0 0 75,984
3000.0 1.0 0,992 50 0.7 -170 0,18 0,94 0.3 1 60 -902,081 -74,413 1,086 4 0 73,142
2000.0 1.0 0,992 60 0.7 -150 0,16 0,92 0.3 1 60 -744,89 -15,667 1,112 0 0 82,371
3000.0 1.0 0,992 50 0.7 -170 0,2 0,94 0.3 1 60 -674,913 -12,581 1,038 0 0 70,648
2000.0 1.0 0,992 50 0.7 -150 0,16 0,94 0.3 1 60 -661,288 -7,395 1,028 0 0 69,513
4000.0 1.0 0,992 60 0.7 -130 0,18 0,92 0.3 1 60 -663,511 -12,914 0,971 0 0 92,482
3000.0 1.0 0,992 50 0.7 -130 0,18 0,92 0.3 1 60 -708,867 -12,914 1,074 0 0 75,823
3000.0 1.0 0,992 50 0.7 -170 0,18 0,94 0.3 1 60 -1837,456 -215,855 1,127 16 5 75,181
3000.0 1.0 0,992 50 0.7 -150 0,2 0,92 0.3 1 60 -662,15 -14,581 1,008 0 0 69,895
3000.0 1.0 0,992 60 0.7 -170 0,16 0,92 0.3 1 60 -680,227 -13,914 1,068 0 0 84,651
3000.0 1.0 0,992 50 0.7 -170 0,16 0,9 0.3 1 60 -708,462 -14,914 1,094 0 0 69,289
4000.0 1.0 0,992 60 0.7 -150 0,2 0,9 0.3 1 60 -719,522 -12,248 1,081 0 0 86,492
2000.0 1.0 0,992 60 0.7 -130 0,18 0,94 0.3 1 60 -1175,141 -136,724 1,025 6 2 86,304
2000.0 1.0 0,992 50 0.7 -150 0,18 0,9 0.3 1 60 -703,467 -12,914 1,091 0 0 63,801
3000.0 1.0 0,992 60 0.7 -150 0,18 0,94 0.3 1 60 -659,397 -15,581 1,006 0 0 84,814
2000.0 1.0 0,992 50 0.7 -150 0,18 0,9 0.3 1 60 -1286,649 -186,709 1,049 7 3 76,305
2000.0 1.0 0,992 50 0.7 -170 0,16 0,9 0.3 1 60 -755,709 -14,914 1,148 0 0 80,113
4000.0 1.0 0,992 50 0.7 -130 0,18 0,92 0.3 1 60 -711,733 -13,387 1,071 0 0 99,237
2000.0 1.0 0,992 50 0.7 -150 0,18 0,94 0.3 1 60 -811,912 -75,463 1,029 2 1 92,028
2000.0 1.0 0,992 60 0.7 -130 0,16 0,92 0.3 1 60 -696,062 -12,248 1,051 0 0 93,131
2000.0 1.0 0,992 60 0.7 -170 0,2 0,92 0.3 1 60 -653,517 -12,581 0,997 0 0 95,672
3000.0 1.0 0,992 60 0.7 -170 0,16 0,92 0.3 1 60 -660,648 -12,914 1,031 0 0 101,595
4000.0 1.0 0,992 60 0.7 -150 0,18 0,92 0.3 1 60 -723,347 -11,844 1,097 0 0 109,976
2000.0 1.0 0,992 50 0.7 -170 0,16 0,94 0.3 1 60 -977,358 -145,669 1,061 2 2 87,729
3000.0 1.0 0,992 50 0.7 -130 0,2 0,92 0.3 1 60 -681,673 -11,914 1,059 0 0 88,62
3000.0 1.0 0,992 50 0.7 -170 0,2 0,94 0.3 1 60 -660,588 -14,581 1,017 0 0 90,597
2000.0 1.0 0,992 60 0.7 -170 0,2 0,92 0.3 1 60 -691,802 -13,581 1,053 0 0 92,349
3000.0 1.0 0,992 60 0.7 -170 0,2 0,92 0.3 1 60 -676,845 -12,248 1,009 0 0 98,823
3000.0 1.0 0,992 60 0.7 -150 0,18 0,94 0.3 1 60 -657,724 -14,948 1,009 0 0 102,394
4000.0 1.0 0,992 60 0.7 -130 0,18 0,92 0.3 1 60 -640,964 -11,914 0,998 0 0 106,185
3000.0 1.0 0,992 60 0.7 -170 0,16 0,92 0.3 1 60 -720,608 -12,581 1,102 0 0 99,089
4000.0 1.0 0,992 50 0.7 -130 0,16 0,94 0.3 1 60 -1203,623 -184,872 1,024 5 4 92,781
4000.0 1.0 0,992 60 0.7 -170 0,16 0,94 0.3 1 60 -660,84 -8,02 1,013 0 0 119,431
3000.0 1.0 0,992 50 0.7 -150 0,2 0,92 0.3 1 60 -705,105 -14 1,072 0 0 84,891
3000.0 1.0 0,992 60 0.7 -170 0,16 0,92 0.3 1 60 -705,116 -12,248 1,079 0 0 101,636
3000.0 1.0 0,992 50 0.7 -170 0,18 0,94 0.3 1 60 -688,343 -16,248 1,081 0 0 73,968
3000.0 1.0 0,992 60 0.7 -170 0,18 0,92 0.3 1 60 -746,264 -12,248 1,118 0 0 92,548
4000.0 1.0 0,992 60 0.7 -170 0,16 0,92 0.3 1 60 -677,138 -12,581 1,047 0 0 111,381
3000.0 1.0 0,992 60 0.7 -170 0,18 0,94 0.3 1 60 -696,703 -12,914 1,039 0 0 102,519
2000.0 1.0 0,992 60 0.7 -170 0,16 0,9 0.3 1 60 -709,323 -12,054 1,075 0 0 79,915
3000.0 1.0 0,992 50 0.7 -170 0,18 0,94 0.3 1 60 -801,333 -55,785 1,062 2 0 83,889
4000.0 1.0 0,992 50 0.7 -130 0,2 0,92 0.3 1 60 -701,489 -14,914 1,072 0 0 80,238
3000.0 1.0 0,992 60 0.7 -170 0,16 0,92 0.3 1 60 -705,407 -12,914 1,069 0 0 96,533
4000.0 1.0 0,992 60 0.7 -130 0,2 0,92 0.3 1 60 -676,572 -14,581 1,018 0 0 125,151
3000.0 1.0 0,992 60 0.7 -170 0,16 0,92 0.3 1 60 -662,307 -12,248 1,039 0 0 121,992
3000.0 1.0 0,992 60 0.7 -150 0,18 0,94 0.3 1 60 -955,779 -159,729 1,026 4 2 131,509
3000.0 1.0 0,992 60 0.7 -170 0,18 0,92 0.3 1 60 -663,193 -13,248 1,023 0 0 122,897
2000.0 1.0 0,992 60 0.7 -170 0,2 0,92 0.3 1 60 -754,76 -14,334 1,119 0 0 107,834
3000.0 1.0 0,992 60 0.7 -170 0,16 0,92 0.3 1 60 -729,193 -12,248 1,102 0 0 100,905
3000.0 1.0 0,992 60 0.7 -150 0,18 0,94 0.3 1 60 -771,988 -12,248 1,15 0 0 104,177
2000.0 1.0 0,992 50 0.7 -170 0,2 0,94 0.3 1 60 -737,716 -17,334 1,097 0 0 81,987
3000.0 1.0 0,992 60 0.7 -170 0,18 0,92 0.3 1 60 -713,168 -12,581 1,1 0 0 95,152
4000.0 1.0 0,992 60 0.7 -170 0,16 0,94 0.3 1 60 -1006,921 -176,257 1,009 5 2 103,911
3000.0 1.0 0,992 60 0.7 -130 0,18 0,94 0.3 1 60 -629,547 -14,054 0,987 0 0 99,681
3000.0 1.0 0,992 50 0.7 -150 0,2 0,92 0.3 1 60 -747,14 -12,581 1,128 0 0 89,484
2000.0 1.0 0,992 60 0.7 -170 0,2 0,92 0.3 1 60 -750,858 -23,286 1,096 1 0 82,423
3000.0 1.0 0,992 60 0.7 -150 0,16 0,94 0.3 1 60 -665,115 -15 1,036 0 0 98,809
3000.0 1.0 0,992 50 0.7 -130 0,16 0,92 0.3 1 60 -1024,49 -121,256 1,097 6 1 94,686
4000.0 1.0 0,992 50 0.7 -170 0,16 0,94 0.3 1 60 -623,029 -12,581 0,979 0 0 99,036
3000.0 1.0 0,992 50 0.7 -130 0,16 0,92 0.3 1 60 -1395,559 -250,825 1,023 8 5 94,54
4000.0 1.0 0,992 60 0.7 -130 0,2 0,92 0.3 1 60 -705,514 -16,248 1,097 0 0 108,477
3000.0 1.0 0,992 60 0.7 -150 0,16 0,94 0.3 1 60 -1462,367 -259,267 0,974 11 4 108,874
3000.0 1.0 0,992 60 0.7 -150 0,16 0,94 0.3 1 60 -1257,75 -180,519 1,029 9 2 109,844
4000.0 1.0 0,992 60 0.7 -130 0,2 0,92 0.3 1 60 -695,991 -12,248 1,074 0 0 105,392
2000.0 1.0 0,992 60 0.7 -170 0,2 0,92 0.3 1 60 -698,076 -12,248 1,049 0 0 91,968
3000.0 1.0 0,992 60 0.7 -130 0,18 0,92 0.3 1 60 -649,792 -13,248 1,005 0 0 96,759