
3000.0 1.0 0,99 55 0.7 -150 0,16 0,9 0.3 1 60 -488,878 -8,037 0,939 0 0 48,44
3000.0 1.0 0,991 55 0.7 -110 0,2 0,94 0.3 1 60 -417,777 -7,688 0,822 0 0 51,389
1000.0 1.0 0,991 45 0.7 -70 0,16 0,9 0.3 1 60 -451,825 -7,468 0,874 0 0 39,203
4000.0 1.0 0,99 55 0.7 -110 0,2 0,92 0.3 1 60 -450,24 -6,875 0,83 0 0 46,868
1000.0 1.0 0,99 45 0.7 -110 0,2 0,94 0.3 1 60 -414,194 -8,354 0,809 0 0 33,065
1000.0 1.0 0,99 55 0.7 -70 0,18 0,9 0.3 1 60 -430,523 -7,377 0,85 0 0 38,344
3000.0 1.0 0,99 45 0.7 -150 0,2 0,92 0.3 1 60 -470,67 -7,328 0,898 0 0 36,527
1000.0 1.0 0,99 45 0.7 -70 0,18 0,9 0.3 1 60 -399,574 -5,809 0,779 0 0 33,441
1000.0 1.0 0,99 45 0.7 -150 0,18 0,94 0.3 1 60 -470,838 -6,925 0,886 0 0 34,571
3000.0 1.0 0,99 45 0.7 -110 0,2 0,9 0.3 1 60 -485,749 -7,667 0,919 0 0 42,424
1000.0 1.0 0,99 45 0.7 -150 0,18 0,9 0.3 1 60 -455,093 -8,247 0,864 0 0 30,541
3000.0 1.0 0,991 45 0.7 -110 0,2 0,9 0.3 1 60 -442,876 -6,485 0,855 0 0 42,379
1000.0 1.0 0,99 45 0.7 -70 0,16 0,94 0.3 1 60 -2413,119 -286,268 0,872 27 8 39,333
1000.0 1.0 0,991 55 0.7 -70 0,16 0,9 0.3 1 60 -506,34 -23,902 0,892 1 0 42,814
3000.0 1.0 0,99 45 0.7 -150 0,18 0,92 0.3 1 60 -445,172 -7,87 0,84 0 0 37,588
4000.0 1.0 0,99 55 0.7 -70 0,16 0,94 0.3 1 60 -371,344 -8,829 0,74 0 0 50,396
1000.0 1.0 0,991 45 0.7 -110 0,2 0,92 0.3 1 60 -440,686 -7,134 0,844 0 0 35,629
4000.0 1.0 0,99 45 0.7 -70 0,18 0,92 0.3 1 60 -505,171 -29,128 0,881 1 0 49,147
3000.0 1.0 0,991 55 0.7 -110 0,2 0,92 0.3 1 60 -452,885 -6,276 0,88 0 0 50,772
3000.0 1.0 0,991 45 0.7 -110 0,2 0,9 0.3 1 60 -453,254 -7,208 0,867 0 0 42,696
3000.0 1.0 0,99 45 0.7 -150 0,18 0,92 0.3 1 60 -463,865 -8,753 0,888 0 0 39,238
3000.0 1.0 0,99 55 0.7 -70 0,18 0,94 0.3 1 60 -431,735 -5,861 0,821 0 0 50,426
4000.0 1.0 0,99 55 0.7 -150 0,2 0,94 0.3 1 60 -424,533 -8,623 0,794 0 0 49,41
4000.0 1.0 0,991 55 0.7 -70 0,18 0,94 0.3 1 60 -341,069 -7,42 0,683 0 0 65,549
4000.0 1.0 0,99 55 0.7 -70 0,16 0,92 0.3 1 60 -561,822 -77,675 0,783 3 0 49,929
4000.0 1.0 0,99 55 0.7 -150 0,18 0,94 0.3 1 60 -465,217 -7,915 0,88 0 0 44,225
3000.0 1.0 0,991 45 0.7 -150 0,18 0,94 0.3 1 60 -453,156 -7,53 0,858 0 0 39,865
3000.0 1.0 0,99 55 0.7 -70 0,18 0,94 0.3 1 60 -625,268 -83,365 0,742 5 0 46,09
3000.0 1.0 0,99 45 0.7 -70 0,18 0,92 0.3 1 60 -441,325 -7,399 0,866 0 0 38,629
3000.0 1.0 0,99 55 0.7 -70 0,16 0,94 0.3 1 60 -833,926 -142,375 0,771 7 1 47,105
4000.0 1.0 0,991 45 0.7 -150 0,16 0,92 0.3 1 60 -452,941 -8,354 0,874 0 0 38,503
4000.0 1.0 0,99 45 0.7 -110 0,16 0,94 0.3 1 60 -443,336 -6,427 0,856 0 0 39,904
4000.0 1.0 0,991 55 0.7 -110 0,16 0,94 0.3 1 60 -426,219 -7,31 0,834 0 0 50,262
4000.0 1.0 0,99 45 0.7 -70 0,2 0,94 0.3 1 60 -1233,611 -140,554 0,848 10 4 41,314
4000.0 1.0 0,99 45 0.7 -70 0,18 0,94 0.3 1 60 -975,173 -168,041 0,818 10 1 40,369
1000.0 1.0 0,99 55 0.7 -110 0,2 0,9 0.3 1 60 -479,048 -6,581 0,872 0 0 44,759
3000.0 1.0 0,991 45 0.7 -110 0,2 0,94 0.3 1 60 -431,385 -7,158 0,81 0 0 44,561
1000.0 1.0 0,991 45 0.7 -70 0,16 0,9 0.3 1 60 -400,662 -6,378 0,752 0 0 45,65
1000.0 1.0 0,99 45 0.7 -70 0,18 0,92 0.3 1 60 -452,175 -7,476 0,88 0 0 42,064
4000.0 1.0 0,99 45 0.7 -110 0,16 0,94 0.3 1 60 -925,528 -199,952 0,833 5 4 38,561
1000.0 1.0 0,991 55 0.7 -70 0,18 0,94 0.3 1 60 -916,242 -92,638 0,788 10 1 46,469
4000.0 1.0 0,99 55 0.7 -150 0,2 0,94 0.3 1 60 -468,641 -7,818 0,881 0 0 45,725
3000.0 1.0 0,99 45 0.7 -150 0,18 0,92 0.3 1 60 -526,168 -6,926 0,973 0 0 37,099
4000.0 1.0 0,99 55 0.7 -70 0,2 0,94 0.3 1 60 -373,696 -6,248 0,752 0 0 43,528
3000.0 1.0 0,99 45 0.7 -70 0,18 0,92 0.3 1 60 -413,424 -7,326 0,801 0 0 38,161
1000.0 1.0 0,99 45 0.7 -70 0,18 0,9 0.3 1 60 -1002,372 -255,091 0,873 7 3 34,113
3000.0 1.0 0,991 55 0.7 -110 0,2 0,94 0.3 1 60 -593,492 -109,201 0,766 2 1 47,017
1000.0 1.0 0,99 45 0.7 -110 0,2 0,92 0.3 1 60 -505,642 -6,925 0,946 0 0 31,659
3000.0 1.0 0,991 45 0.7 -110 0,2 0,9 0.3 1 60 -459,154 -7,657 0,887 0 0 38,855
1000.0 1.0 0,991 45 0.7 -70 0,16 0,9 0.3 1 60 -438,244 -7,221 0,853 0 0 37,501
1000.0 1.0 0,99 55 0.7 -70 0,18 0,9 0.3 1 60 -471,554 -7,241 0,873 0 0 37,371
1000.0 1.0 0,991 55 0.7 -70 0,18 0,94 0.3 1 60 -453,621 -28,473 0,798 1 0 44,023
1000.0 1.0 0,991 45 0.7 -110 0,2 0,92 0.3 1 60 -461,17 -6,03 0,848 0 0 35,217
4000.0 1.0 0,99 55 0.7 -110 0,2 0,92 0.3 1 60 -435,676 -6,872 0,826 0 0 44,335
1000.0 1.0 0,991 55 0.7 -70 0,2 0,94 0.3 1 60 -473,1 -45,286 0,772 2 0 46,089
1000.0 1.0 0,991 45 0.7 -70 0,16 0,9 0.3 1 60 -469,555 -7,11 0,873 0 0 36,863
4000.0 1.0 0,99 45 0.7 -70 0,2 0,92 0.3 1 60 -398,709 -6,445 0,759 0 0 39,037
1000.0 1.0 0,99 55 0.7 -110 0,18 0,92 0.3 1 60 -445,855 -7,5 0,859 0 0 38,145
4000.0 1.0 0,99 55 0.7 -150 0,2 0,94 0.3 1 60 -416,244 -7,043 0,809 0 0 49,449
1000.0 1.0 0,991 55 0.7 -70 0,16 0,94 0.3 1 60 -872,132 -243,92 0,779 4 3 44,633
3000.0 1.0 0,99 55 0.7 -70 0,18 0,9 0.3 1 60 -391,453 -6,541 0,765 0 0 43,742
1000.0 1.0 0,991 45 0.7 -110 0,2 0,94 0.3 1 60 -408,326 -5,89 0,794 0 0 34,81
1000.0 1.0 0,991 45 0.7 -70 0,16 0,9 0.3 1 60 -400,251 -7,687 0,791 0 0 36,012
1000.0 1.0 0,99 45 0.7 -70 0,18 0,9 0.3 1 60 -446,605 -7,223 0,849 0 0 33,242
1000.0 1.0 0,991 45 0.7 -70 0,16 0,9 0.3 1 60 -1588,82 -359,628 0,866 10 7 38,736
4000.0 1.0 0,99 55 0.7 -70 0,2 0,94 0.3 1 60 -405,181 -7,246 0,781 0 0 45,652
3000.0 1.0 0,99 45 0.7 -70 0,18 0,92 0.3 1 60 -853,598 -111,419 0,829 6 2 38,458
1000.0 1.0 0,99 45 0.7 -110 0,2 0,92 0.3 1 60 -451,214 -6,838 0,847 0 0 32,873
1000.0 1.0 0,991 55 0.7 -70 0,18 0,94 0.3 1 60 -372,822 -8,58 0,715 0 0 41,663
4000.0 1.0 0,99 55 0.7 -150 0,2 0,94 0.3 1 60 -403,807 -6,753 0,805 0 0 42,186
4000.0 1.0 0,99 55 0.7 -70 0,2 0,94 0.3 1 60 -833,715 -217,136 0,777 4 3 47,638
4000.0 1.0 0,991 55 0.7 -110 0,2 0,94 0.3 1 60 -391,903 -6,76 0,746 0 0 48,872
1000.0 1.0 0,991 55 0.7 -70 0,18 0,94 0.3 1 60 -708,657 -166,747 0,751 3 2 40,798
3000.0 1.0 0,991 55 0.7 -110 0,2 0,94 0.3 1 60 -360,699 -5,886 0,705 0 0 46,995
1000.0 1.0 0,99 55 0.7 -70 0,18 0,9 0.3 1 60 -1589,487 -339,386 0,87 13 7 38,846
4000.0 1.0 0,99 55 0.7 -110 0,2 0,94 0.3 1 60 -447,982 -5,957 0,828 0 0 44,893