
1000.0 1.0 0,992 80 0.7 -120 0,18 0,84 0.2 1 60 -2216,095 -273,306 1,179 20 4 131,655
1000.0 1.0 0,993 80 0.7 -120 0,18 0,88 0.2 1 60 -2560,244 -516,092 1,214 18 9 139,779
3000.0 1.0 0,993 70 0.7 -160 0,18 0,86 0.2 1 60 -1055,081 -64,768 1,144 5 1 142,124
2000.0 1.0 0,993 70 0.7 -160 0,2 0,84 0.1 1 60 -1023,86 -28,409 1,232 5 1 132,497
2000.0 1.0 0,993 70 0.7 -140 0,18 0,84 0.0 1 60 -1081,178 -47,932 1,188 14 0 142,458
3000.0 1.0 0,992 80 0.7 -160 0,18 0,84 0.1 1 60 -1120,105 -40,408 1,188 14 0 155,426
3000.0 1.0 0,993 70 0.7 -180 0,22 0,88 0.1 1 60 -1018,14 -34,452 1,202 6 0 188,223
1000.0 1.0 0,992 80 0.7 -160 0,18 0,84 0.1 1 60 -1084,044 -28,341 1,215 8 1 159,337
1000.0 1.0 0,993 80 0.7 -120 0,2 0,84 0.1 1 60 -1175,398 -76,576 1,187 8 1 173,757
3000.0 1.0 0,992 80 0.7 -120 0,18 0,84 0.2 1 60 -1148,722 -39,806 1,23 7 0 191,361
2000.0 1.0 0,992 70 0.7 -160 0,2 0,88 0.0 1 60 -1158,461 -49,332 1,191 28 4 166,029
3000.0 1.0 0,993 80 0.7 -160 0,2 0,88 0.2 1 60 -1160,777 -52,598 1,145 7 2 191,693
1000.0 1.0 0,993 70 0.7 -180 0,18 0,88 0.1 1 60 -1524,081 -230,037 1,162 13 4 149,992
1000.0 1.0 0,993 70 0.7 -180 0,18 0,86 0.0 1 60 -1075,349 -42,997 1,173 17 3 139,843
1000.0 1.0 0,993 80 0.7 -140 0,22 0,86 0.2 1 60 -1227,395 -76,006 1,099 6 2 165,852
2000.0 1.0 0,992 70 0.7 -180 0,2 0,88 0.2 1 60 -1161,046 -44,907 1,214 6 3 136,396
2000.0 1.0 0,992 70 0.7 -180 0,18 0,86 0.0 1 60 -1106,907 -29,646 1,203 14 2 112,031
1000.0 1.0 0,992 70 0.7 -140 0,22 0,86 0.2 1 60 -1758,595 -249,38 1,212 13 3 106,474
3000.0 1.0 0,992 80 0.7 -140 0,2 0,86 0.1 1 60 -1154,084 -53,85 1,189 11 3 143,969
3000.0 1.0 0,993 70 0.7 -120 0,22 0,84 0.0 1 60 -990,816 -30,375 1,135 12 2 136,499
3000.0 1.0 0,992 80 0.7 -120 0,22 0,86 0.0 1 60 -1014,457 -41,053 1,154 8 1 138,249
3000.0 1.0 0,993 80 0.7 -120 0,22 0,88 0.2 1 60 -1119,699 -71,037 1,103 8 1 157,829
1000.0 1.0 0,992 70 0.7 -140 0,22 0,84 0.1 1 60 -1352,088 -71,778 1,157 16 1 97,437
3000.0 1.0 0,993 70 0.7 -160 0,22 0,84 0.2 1 60 -1289,958 -56,167 1,231 9 2 131,855
2000.0 1.0 0,993 70 0.7 -160 0,2 0,86 0.0 1 60 -992,648 -23,407 1,155 12 4 124,318
2000.0 1.0 0,993 70 0.7 -140 0,18 0,84 0.1 1 60 -1204,302 -33,525 1,272 12 1 124,726
3000.0 1.0 0,993 80 0.7 -180 0,22 0,86 0.1 1 60 -1254,625 -53,012 1,148 14 1 150,887
1000.0 1.0 0,992 70 0.7 -140 0,18 0,84 0.2 1 60 -1294,604 -65,926 1,224 8 3 113,328
3000.0 1.0 0,992 80 0.7 -160 0,22 0,88 0.1 1 60 -1692,076 -214,284 1,187 14 8 139,263
1000.0 1.0 0,993 80 0.7 -180 0,2 0,88 0.1 1 60 -1185,797 -42,234 1,185 12 2 121,708
2000.0 1.0 0,993 70 0.7 -140 0,2 0,88 0.1 1 60 -1288,112 -52,121 1,149 12 5 132,911
2000.0 1.0 0,993 80 0.7 -140 0,2 0,86 0.1 1 60 -1044,019 -46,476 1,093 9 2 140,062
3000.0 1.0 0,992 70 0.7 -160 0,18 0,84 0.0 1 60 -1263,973 -68,756 1,153 24 5 123,989
2000.0 1.0 0,992 70 0.7 -120 0,2 0,88 0.2 1 60 -4395,676 -567,477 1,059 32 14 117,204
3000.0 1.0 0,993 80 0.7 -160 0,2 0,84 0.1 1 60 -1058,655 -61,412 1,152 6 2 150,295
1000.0 1.0 0,993 70 0.7 -160 0,2 0,86 0.1 1 60 -1028,094 -18,891 1,251 4 1 112,687
1000.0 1.0 0,993 80 0.7 -180 0,22 0,86 0.2 1 60 -1357,962 -112,412 1,202 8 2 127,59
2000.0 1.0 0,993 80 0.7 -140 0,18 0,86 0.0 1 60 -932,259 -18,879 1,111 10 2 143,834
2000.0 1.0 0,993 70 0.7 -120 0,22 0,88 0.0 1 60 -1000,375 -59,315 1,116 11 1 133,53
1000.0 1.0 0,993 70 0.7 -140 0,2 0,84 0.2 1 60 -1175,024 -50,92 1,281 6 0 115,427
1000.0 1.0 0,992 70 0.7 -140 0,22 0,86 0.1 1 60 -1178,752 -88,656 1,156 11 2 103,884
3000.0 1.0 0,992 70 0.7 -160 0,18 0,84 0.2 1 60 -1173,943 -43,385 1,193 8 0 129,646
2000.0 1.0 0,993 80 0.7 -160 0,22 0,86 0.1 1 60 -1139,668 -80,695 1,183 11 0 139,75
1000.0 1.0 0,992 80 0.7 -120 0,22 0,86 0.2 1 60 -2124,237 -378,647 1,221 14 5 123,689
1000.0 1.0 0,992 70 0.7 -180 0,2 0,84 0.2 1 60 -1187,099 -41,458 1,214 8 1 101,41
2000.0 1.0 0,993 80 0.7 -140 0,22 0,86 0.1 1 60 -1155,276 -69 1,157 12 3 141,219
3000.0 1.0 0,993 80 0.7 -120 0,2 0,88 0.2 1 60 -2507,989 -527,627 1,099 15 5 165,8
3000.0 1.0 0,992 80 0.7 -180 0,18 0,84 0.0 1 60 -1077,393 -34,855 1,167 13 2 138,053
3000.0 1.0 0,993 70 0.7 -140 0,18 0,88 0.0 1 60 -946,041 -33,001 1,155 11 1 137,316
1000.0 1.0 0,992 70 0.7 -140 0,22 0,88 0.1 1 60 -1172,818 -48,288 1,182 10 1 107,745
3000.0 1.0 0,992 70 0.7 -120 0,18 0,86 0.0 1 60 -1065,022 -42,869 1,139 16 2 129,596
2000.0 1.0 0,992 70 0.7 -180 0,22 0,86 0.0 1 60 -1167,934 -46,912 1,164 21 2 108,849
3000.0 1.0 0,992 70 0.7 -120 0,22 0,88 0.2 1 60 -2555,871 -359,931 1,134 29 5 137,184
2000.0 1.0 0,992 80 0.7 -180 0,2 0,88 0.2 1 60 -2221,714 -300,048 1,17 24 3 143,689
1000.0 1.0 0,993 70 0.7 -160 0,18 0,84 0.1 1 60 -1218,402 -60,815 1,271 8 2 114,9
1000.0 1.0 0,992 80 0.7 -180 0,18 0,88 0.2 1 60 -3768,897 -665,486 1,219 28 11 121,627
3000.0 1.0 0,993 80 0.7 -160 0,18 0,86 0.2 1 60 -2788,813 -438,659 1,185 18 11 161,293
2000.0 1.0 0,993 70 0.7 -160 0,2 0,84 0.0 1 60 -1043,606 -27,605 1,225 11 1 129,237
2000.0 1.0 0,992 70 0.7 -180 0,18 0,86 0.1 1 60 -1127,001 -54,193 1,205 9 0 117,842
3000.0 1.0 0,992 80 0.7 -160 0,22 0,84 0.1 1 60 -1419,8 -46,818 1,184 19 2 136,357
3000.0 1.0 0,992 70 0.7 -140 0,22 0,86 0.2 1 60 -1378,321 -165,132 1,141 10 1 127,356
2000.0 1.0 0,993 70 0.7 -180 0,18 0,84 0.2 1 60 -1327,354 -86,578 1,245 10 2 131,105
3000.0 1.0 0,993 80 0.7 -120 0,2 0,88 0.1 1 60 -1157,338 -115,177 1,148 8 3 159,308
3000.0 1.0 0,992 80 0.7 -120 0,18 0,84 0.2 1 60 -1101,794 -82,615 1,135 7 1 141,887
3000.0 1.0 0,993 70 0.7 -120 0,2 0,84 0.0 1 60 -1070,486 -65,885 1,096 17 4 148,927
3000.0 1.0 0,993 70 0.7 -180 0,2 0,86 0.2 1 60 -1017,32 -22,897 1,181 5 0 131,043
1000.0 1.0 0,992 80 0.7 -120 0,2 0,88 0.1 1 60 -1057,479 -45,272 1,191 9 0 128,563
3000.0 1.0 0,993 70 0.7 -160 0,18 0,84 0.2 1 60 -1146,457 -85,484 1,128 10 0 139,462
3000.0 1.0 0,993 80 0.7 -160 0,18 0,86 0.2 1 60 -1453,118 -99,219 1,181 12 1 165,62
1000.0 1.0 0,993 70 0.7 -160 0,2 0,88 0.1 1 60 -1170,51 -64,106 1,201 10 2 116,471
2000.0 1.0 0,993 80 0.7 -160 0,22 0,86 0.1 1 60 -1183,061 -77,901 1,216 12 2 145,702
3000.0 1.0 0,992 80 0.7 -160 0,22 0,84 0.0 1 60 -1170,451 -57,09 1,21 23 4 140,392
2000.0 1.0 0,993 70 0.7 -140 0,2 0,88 0.1 1 60 -1139,426 -59,626 1,176 9 3 131,302
2000.0 1.0 0,993 70 0.7 -180 0,18 0,88 0.1 1 60 -1168,707 -37,384 1,192 10 2 132,843
2000.0 1.0 0,993 70 0.7 -160 0,2 0,86 0.1 1 60 -1290,646 -73,32 1,158 11 2 130,193
3000.0 1.0 0,993 80 0.7 -160 0,22 0,84 0.1 1 60 -1214,261 -63 1,119 14 1 152,252
2000.0 1.0 0,993 70 0.7 -120 0,18 0,88 0.2 1 60 -3309,048 -378,478 1,053 29 7 146,392
3000.0 1.0 0,992 80 0.7 -120 0,18 0,84 0.0 1 60 -1052,146 -35,001 1,129 20 2 145,893
3000.0 1.0 0,993 70 0.7 -140 0,2 0,86 0.2 1 60 -948,378 -19,696 1,185 3 0 139,501
1000.0 1.0 0,993 70 0.7 -120 0,18 0,86 0.2 1 60 -1823,106 -238,575 1,18 13 4 126,142
3000.0 1.0 0,992 80 0.7 -140 0,2 0,84 0.1 1 60 -1030,047 -38,745 1,167 9 0 134,219
3000.0 1.0 0,992 70 0.7 -160 0,18 0,86 0.2 1 60 -965,81 -37,268 1,149 4 0 157,099
2000.0 1.0 0,993 70 0.7 -160 0,2 0,86 0.2 1 60 -1087,511 -45,156 1,123 6 2 252,778
1000.0 1.0 0,992 80 0.7 -140 0,18 0,84 0.1 1 60 -1111,284 -69,54 1,124 12 1 116,214
1000.0 1.0 0,992 80 0.7 -140 0,2 0,86 0.1 1 60 -1793,749 -188,723 1,208 16 3 115,426
2000.0 1.0 0,993 70 0.7 -180 0,18 0,84 0.1 1 60 -1241,19 -51,387 1,25 10 3 128,54
1000.0 1.0 0,993 70 0.7 -160 0,18 0,88 0.2 1 60 -2425,628 -293,446 1,227 20 8 123,686
3000.0 1.0 0,993 70 0.7 -180 0,22 0,84 0.1 1 60 -1261,826 -77,899 1,112 17 1 124,969
3000.0 1.0 0,992 80 0.7 -120 0,2 0,86 0.2 1 60 -1334,196 -86,775 1,151 10 2 136,413
2000.0 1.0 0,992 80 0.7 -120 0,2 0,88 0.1 1 60 -1168,903 -41,767 1,153 12 0 138,026
3000.0 1.0 0,992 80 0.7 -140 0,18 0,86 0.1 1 60 -1110,876 -48,592 1,135 13 1 278,106
1000.0 1.0 0,993 80 0.7 -180 0,18 0,86 0.1 1 60 -1157,941 -62,379 1,233 8 1 319,537
2000.0 1.0 0,992 80 0.7 -160 0,18 0,86 0.1 1 60 -1066,387 -44,605 1,169 8 0 242,447
2000.0 1.0 0,992 70 0.7 -140 0,18 0,88 0.1 1 60 -1090,584 -44,813 1,196 10 1 121,837
2000.0 1.0 0,993 80 0.7 -180 0,22 0,86 0.0 1 60 -1018,538 -48,666 1,162 12 2 139,122
2000.0 1.0 0,993 80 0.7 -180 0,18 0,88 0.1 1 60 -1142,574 -37,628 1,209 8 2 144,432
1000.0 1.0 0,992 80 0.7 -160 0,18 0,88 0.0 1 60 -1088,626 -30,747 1,185 16 3 129,457
1000.0 1.0 0,992 70 0.7 -120 0,22 0,88 0.1 1 60 -1148,387 -34,375 1,166 12 0 116,799
2000.0 1.0 0,993 80 0.7 -160 0,22 0,84 0.0 1 60 -1103,398 -69,384 1,151 16 3 148,723
1000.0 1.0 0,992 80 0.7 -140 0,2 0,88 0.1 1 60 -4654,417 -721,917 1,151 39 17 120,11
3000.0 1.0 0,993 80 0.7 -140 0,22 0,84 0.2 1 60 -1127,42 -32,494 1,161 7 0 168,971
3000.0 1.0 0,993 80 0.7 -120 0,22 0,86 0.1 1 60 -1106,621 -59,509 1,153 6 3 157,344
3000.0 1.0 0,992 80 0.7 -180 0,2 0,84 0.2 1 60 -1185,253 -86,476 1,133 7 1 143,337
2000.0 1.0 0,993 70 0.7 -120 0,18 0,84 0.1 1 60 -1101,679 -52,539 1,16 8 1 134,51
3000.0 1.0 0,993 80 0.7 -140 0,22 0,86 0.2 1 60 -1122,641 -54,198 1,079 8 1 155,281
2000.0 1.0 0,993 80 0.7 -180 0,22 0,88 0.2 1 60 -1188,922 -68,398 1,188 7 2 151,149
2000.0 1.0 0,993 70 0.7 -140 0,18 0,86 0.1 1 60 -1198,851 -75,081 1,183 10 4 128,064
2000.0 1.0 0,992 80 0.7 -140 0,2 0,88 0.2 1 60 -1250,911 -81,952 1,205 8 1 134,713
3000.0 1.0 0,992 80 0.7 -160 0,22 0,86 0.0 1 60 -1203,477 -58,861 1,088 31 1 138,16
2000.0 1.0 0,993 80 0.7 -160 0,22 0,84 0.1 1 60 -1225,867 -71,738 1,178 8 4 137,807
3000.0 1.0 0,993 70 0.7 -160 0,18 0,86 0.1 1 60 -976,763 -42,991 1,105 4 2 134,185
3000.0 1.0 0,993 70 0.7 -180 0,2 0,88 0.2 1 60 -1181,496 -56,179 1,183 7 1 139,965
2000.0 1.0 0,992 70 0.7 -140 0,2 0,84 0.2 1 60 -2368,184 -314,173 1,192 17 4 114,675
2000.0 1.0 0,993 80 0.7 -120 0,22 0,84 0.0 1 60 -1079,123 -45,656 1,124 25 2 138,996
3000.0 1.0 0,992 70 0.7 -160 0,18 0,84 0.1 1 60 -1267,96 -69,153 1,21 12 1 126,336
3000.0 1.0 0,993 80 0.7 -180 0,18 0,86 0.2 1 60 -1198,583 -58,821 1,177 7 3 151,248
1000.0 1.0 0,993 80 0.7 -160 0,22 0,84 0.2 1 60 -1325,199 -90,215 1,137 11 1 152,321
3000.0 1.0 0,993 80 0.7 -160 0,22 0,84 0.0 1 60 -967,841 -30,729 1,068 22 2 147,114
2000.0 1.0 0,993 70 0.7 -140 0,2 0,86 0.2 1 60 -1230,989 -51,504 1,148 11 1 124,11
2000.0 1.0 0,993 70 0.7 -140 0,18 0,88 0.0 1 60 -1040,631 -35,57 1,255 8 3 128,82
1000.0 1.0 0,992 80 0.7 -160 0,18 0,84 0.1 1 60 -2380,556 -492,069 1,204 21 8 135,865
3000.0 1.0 0,992 80 0.7 -140 0,2 0,86 0.2 1 60 -1241,525 -50,676 1,182 9 2 145,424
1000.0 1.0 0,993 70 0.7 -180 0,18 0,88 0.1 1 60 -1077,222 -56,668 1,2 7 0 109,616
3000.0 1.0 0,992 70 0.7 -180 0,22 0,86 0.0 1 60 -1163,571 -32,697 1,215 22 3 135,86
2000.0 1.0 0,992 80 0.7 -120 0,22 0,84 0.0 1 60 -1030,664 -65,942 1,212 10 4 123,542
3000.0 1.0 0,993 80 0.7 -140 0,18 0,88 0.1 1 60 -2147,628 -248,53 1,168 17 4 183,544
1000.0 1.0 0,993 80 0.7 -180 0,2 0,88 0.0 1 60 -1121,202 -29,658 1,219 21 1 151,927
1000.0 1.0 0,992 80 0.7 -180 0,2 0,88 0.1 1 60 -2673,169 -558,649 1,173 20 10 133,317
2000.0 1.0 0,992 70 0.7 -120 0,22 0,88 0.0 1 60 -1028,693 -69,05 1,102 18 3 134,921
1000.0 1.0 0,993 80 0.7 -120 0,22 0,84 0.0 1 60 -997,119 -54,036 1,122 10 2 149,105
2000.0 1.0 0,992 70 0.7 -160 0,18 0,84 0.0 1 60 -998,115 -42,31 1,139 18 2 147,232
3000.0 1.0 0,992 80 0.7 -160 0,18 0,86 0.2 1 60 -1912,461 -250,385 1,205 16 2 177,135
2000.0 1.0 0,993 70 0.7 -140 0,2 0,88 0.2 1 60 -1002,617 -49,63 1,213 2 1 158,947
3000.0 1.0 0,992 70 0.7 -120 0,22 0,84 0.2 1 60 -1238,503 -86,933 1,13 10 0 146,891
3000.0 1.0 0,993 80 0.7 -120 0,18 0,86 0.0 1 60 -1222,837 -90,416 1,145 25 5 190,304
3000.0 1.0 0,993 70 0.7 -140 0,18 0,86 0.0 1 60 -1087,365 -69,022 1,12 14 3 167,809
2000.0 1.0 0,993 80 0.7 -160 0,2 0,88 0.1 1 60 -1332,519 -53,222 1,152 15 4 156,305
1000.0 1.0 0,992 70 0.7 -120 0,22 0,88 0.1 1 60 -1190,474 -55,983 1,194 13 3 104,057
2000.0 1.0 0,993 80 0.7 -120 0,2 0,86 0.0 1 60 -1128,926 -48,704 1,15 20 5 143,068
1000.0 1.0 0,993 70 0.7 -180 0,2 0,86 0.1 1 60 -1109,315 -63,392 1,101 9 1 104,107
1000.0 1.0 0,993 70 0.7 -160 0,22 0,86 0.1 1 60 -1121,948 -53,025 1,163 7 2 110,851
1000.0 1.0 0,992 70 0.7 -140 0,2 0,88 0.0 1 60 -1375,38 -70,969 1,221 27 6 104,169
3000.0 1.0 0,993 70 0.7 -120 0,22 0,84 0.0 1 60 -932,909 -40,45 1,028 18 3 133,386
2000.0 1.0 0,992 80 0.7 -180 0,18 0,86 0.0 1 60 -1077,409 -19,078 1,245 15 4 126,224
2000.0 1.0 0,992 70 0.7 -120 0,2 0,86 0.0 1 60 -995,758 -37,456 1,16 13 0 125,984
3000.0 1.0 0,992 80 0.7 -140 0,2 0,84 0.1 1 60 -1126,614 -33,207 1,203 6 4 154,606
3000.0 1.0 0,993 70 0.7 -160 0,18 0,86 0.2 1 60 -1197,436 -64,933 1,178 6 3 157,966
3000.0 1.0 0,993 70 0.7 -140 0,2 0,86 0.2 1 60 -881,14 -25,446 1,172 1 0 152,24
1000.0 1.0 0,993 70 0.7 -160 0,2 0,86 0.1 1 60 -1161,432 -56,407 1,202 10 2 127,441
3000.0 1.0 0,992 70 0.7 -160 0,22 0,86 0.2 1 60 -1041,662 -45,044 1,17 4 1 134,243
2000.0 1.0 0,992 70 0.7 -120 0,22 0,88 0.0 1 60 -2566,134 -475,262 1,209 31 12 140,222
2000.0 1.0 0,993 70 0.7 -160 0,2 0,84 0.0 1 60 -1058,085 -26,895 1,105 16 5 309,451
2000.0 1.0 0,993 80 0.7 -140 0,18 0,86 0.0 1 60 -1191,399 -66,308 1,048 25 4 451,072
2000.0 1.0 0,993 70 0.7 -140 0,18 0,84 0.2 1 60 -1253,197 -78,444 1,161 10 2 403,415
3000.0 1.0 0,993 70 0.7 -140 0,22 0,88 0.0 1 60 -1050,537 -34,505 1,123 17 2 300,897
3000.0 1.0 0,992 80 0.7 -160 0,18 0,86 0.0 1 60 -1164,232 -62,339 1,179 16 3 155,533
2000.0 1.0 0,993 70 0.7 -180 0,2 0,84 0.1 1 60 -1040,983 -37,804 1,143 11 1 199,128
2000.0 1.0 0,992 80 0.7 -120 0,22 0,86 0.0 1 60 -978,571 -33,594 1,101 7 2 148,979
2000.0 1.0 0,993 70 0.7 -120 0,22 0,88 0.1 1 60 -2443,66 -308,446 1,225 16 7 149,941
2000.0 1.0 0,993 80 0.7 -140 0,2 0,86 0.1 1 60 -1243,502 -61,542 1,216 12 2 168,325
3000.0 1.0 0,993 80 0.7 -160 0,2 0,86 0.2 1 60 -1194,243 -73,963 1,238 7 1 171,823
2000.0 1.0 0,993 70 0.7 -180 0,2 0,86 0.0 1 60 -1155,858 -89,331 1,178 18 5 146,081
3000.0 1.0 0,993 80 0.7 -160 0,2 0,84 0.1 1 60 -1367,31 -93,041 1,202 14 4 290,878
3000.0 1.0 0,993 80 0.7 -180 0,18 0,86 0.1 1 60 -922,439 -18,389 1,167 5 0 463,434
3000.0 1.0 0,993 70 0.7 -160 0,22 0,84 0.0 1 60 -1235,726 -85,017 1,18 23 3 409,712
3000.0 1.0 0,993 70 0.7 -180 0,18 0,88 0.1 1 60 -1133,536 -26,041 1,177 9 3 378,017
3000.0 1.0 0,993 70 0.7 -180 0,22 0,84 0.0 1 60 -1012,423 -23,796 1,166 16 1 160,408
3000.0 1.0 0,993 80 0.7 -120 0,18 0,86 0.1 1 60 -929,517 -25,252 1,067 8 1 415,155
3000.0 1.0 0,992 80 0.7 -160 0,18 0,86 0.2 1 60 -1065,325 -56,303 1,144 4 2 169,591
3000.0 1.0 0,993 70 0.7 -140 0,2 0,86 0.2 1 60 -1064,787 -34,175 1,178 5 0 133,657
3000.0 1.0 0,992 70 0.7 -180 0,2 0,84 0.0 1 60 -1112,979 -52,408 1,142 17 2 112,14
3000.0 1.0 0,993 70 0.7 -140 0,22 0,84 0.0 1 60 -945,738 -19,408 1,146 8 4 134,5
2000.0 1.0 0,992 70 0.7 -160 0,2 0,88 0.2 1 60 -1179,761 -66,183 1,227 8 0 125,361
1000.0 1.0 0,992 70 0.7 -120 0,2 0,86 0.1 1 60 -1033,101 -32,222 1,149 6 1 106,595
3000.0 1.0 0,993 80 0.7 -140 0,18 0,86 0.1 1 60 -1106,216 -45,545 1,12 10 0 157,351
2000.0 1.0 0,993 70 0.7 -140 0,18 0,84 0.1 1 60 -1197,91 -45,607 1,188 14 2 130,029
1000.0 1.0 0,993 80 0.7 -160 0,2 0,84 0.0 1 60 -1177,231 -43,229 1,146 20 3 126,516
2000.0 1.0 0,993 70 0.7 -140 0,2 0,86 0.0 1 60 -1168,215 -49,973 1,208 27 3 131,965
3000.0 1.0 0,992 80 0.7 -120 0,18 0,86 0.0 1 60 -1020,588 -44,294 1,105 16 3 137,852
3000.0 1.0 0,993 70 0.7 -140 0,22 0,88 0.0 1 60 -1041,91 -25,096 1,146 15 3 131,272
1000.0 1.0 0,992 70 0.7 -120 0,22 0,88 0.2 1 60 -1211,29 -68,261 1,173 8 1 103,795
3000.0 1.0 0,993 80 0.7 -180 0,2 0,86 0.1 1 60 -1019,543 -75,01 1,16 7 1 147,313
3000.0 1.0 0,992 80 0.7 -180 0,18 0,86 0.0 1 60 -999,398 -46,755 1,11 16 1 131,04
3000.0 1.0 0,993 70 0.7 -180 0,22 0,86 0.2 1 60 -1297,091 -55,2 1,248 9 3 140,714
2000.0 1.0 0,993 70 0.7 -160 0,22 0,84 0.2 1 60 -1186,261 -94,414 1,209 5 2 128,006
3000.0 1.0 0,993 70 0.7 -180 0,22 0,86 0.2 1 60 -1026,145 -41,362 1,253 3 0 135,578
2000.0 1.0 0,992 70 0.7 -180 0,18 0,86 0.0 1 60 -996,454 -42,191 1,177 13 1 105,973
2000.0 1.0 0,993 70 0.7 -180 0,2 0,86 0.1 1 60 -1142,446 -47,744 1,188 13 0 127,989
3000.0 1.0 0,992 80 0.7 -120 0,18 0,86 0.0 1 60 -1079,285 -31,792 1,161 20 3 143,745
3000.0 1.0 0,992 80 0.7 -140 0,2 0,84 0.1 1 60 -1280,478 -44,609 1,213 18 1 134,513
3000.0 1.0 0,993 70 0.7 -140 0,2 0,88 0.2 1 60 -1111,431 -36,99 1,186 6 1 137,911
3000.0 1.0 0,993 70 0.7 -180 0,18 0,84 0.0 1 60 -1307,886 -42,374 1,225 32 5 140,592
1000.0 1.0 0,993 80 0.7 -160 0,2 0,86 0.1 1 60 -1193,357 -78,769 1,179 9 4 118,198
2000.0 1.0 0,992 70 0.7 -180 0,18 0,86 0.0 1 60 -1068,335 -20,341 1,236 22 0 114,087
3000.0 1.0 0,993 80 0.7 -180 0,2 0,86 0.1 1 60 -1357,898 -74,989 1,216 11 2 153,797
3000.0 1.0 0,993 70 0.7 -180 0,18 0,88 0.0 1 60 -1016,646 -47,98 1,166 11 2 138,359
2000.0 1.0 0,993 70 0.7 -120 0,22 0,88 0.1 1 60 -1682,711 -225,478 1,227 10 3 129,143
3000.0 1.0 0,992 70 0.7 -160 0,18 0,86 0.0 1 60 -1086,161 -29,812 1,197 18 0 121,263
1000.0 1.0 0,993 80 0.7 -120 0,22 0,84 0.0 1 60 -1191,549 -45,301 1,16 26 4 134,858
3000.0 1.0 0,993 70 0.7 -160 0,2 0,86 0.2 1 60 -2076,534 -289,713 1,209 16 6 138,961
2000.0 1.0 0,993 70 0.7 -160 0,2 0,86 0.0 1 60 -1124,041 -57,5 1,095 20 3 137,432
2000.0 1.0 0,993 80 0.7 -140 0,18 0,86 0.1 1 60 -1143,605 -37,141 1,154 11 1 159,33
2000.0 1.0 0,992 70 0.7 -120 0,22 0,86 0.0 1 60 -989,168 -41,302 1,12 17 0 201,126
2000.0 1.0 0,993 70 0.7 -160 0,22 0,88 0.2 1 60 -2740,921 -450,066 1,198 19 7 137,461
3000.0 1.0 0,993 80 0.7 -120 0,18 0,86 0.1 1 60 -1206,848 -78,728 1,145 9 3 159,021
3000.0 1.0 0,993 70 0.7 -180 0,22 0,86 0.0 1 60 -1117,346 -53,708 1,179 16 3 130,406
3000.0 1.0 0,993 70 0.7 -120 0,22 0,86 0.0 1 60 -1123,285 -85,361 1,064 16 3 138,27
3000.0 1.0 0,993 80 0.7 -120 0,22 0,86 0.1 1 60 -1030,544 -37,667 1,153 6 2 153,04
3000.0 1.0 0,993 70 0.7 -180 0,18 0,88 0.0 1 60 -1028,849 -35,742 1,215 14 1 138,484
3000.0 1.0 0,993 80 0.7 -180 0,2 0,88 0.1 1 60 -1113,893 -50,426 1,127 8 3 152,943
3000.0 1.0 0,992 70 0.7 -160 0,18 0,86 0.0 1 60 -1067,375 -28,319 1,195 15 9 125,454
2000.0 1.0 0,992 70 0.7 -180 0,18 0,86 0.0 1 60 -1117,797 -33,05 1,15 15 2 116,529
3000.0 1.0 0,993 70 0.7 -180 0,18 0,84 0.0 1 60 -1132,184 -51,127 1,168 11 3 136,083
3000.0 1.0 0,992 70 0.7 -120 0,22 0,86 0.0 1 60 -998,545 -39,452 1,123 16 1 122,658
1000.0 1.0 0,993 70 0.7 -140 0,22 0,86 0.0 1 60 -1109,57 -29,358 1,148 24 0 121,584
3000.0 1.0 0,993 70 0.7 -160 0,22 0,84 0.2 1 60 -1200,676 -69,42 1,185 9 1 129,611
3000.0 1.0 0,993 80 0.7 -140 0,2 0,88 0.2 1 60 -1175,98 -46,153 1,161 7 2 158,333
2000.0 1.0 0,992 70 0.7 -120 0,22 0,88 0.1 1 60 -1049,405 -48,085 1,152 10 0 118,345
2000.0 1.0 0,993 80 0.7 -140 0,18 0,86 0.1 1 60 -1056,733 -45,762 1,107 7 3 143,132
3000.0 1.0 0,992 80 0.7 -180 0,18 0,88 0.0 1 60 -936,875 -15,726 1,184 13 0 138,895
3000.0 1.0 0,993 70 0.7 -140 0,22 0,84 0.0 1 60 -1072,703 -34,452 1,097 18 4 148,426
3000.0 1.0 0,993 70 0.7 -160 0,18 0,84 0.2 1 60 -1323,072 -88,274 1,198 10 0 134,103
3000.0 1.0 0,992 80 0.7 -120 0,18 0,86 0.0 1 60 -1031,049 -47,714 1,187 10 2 142,386
3000.0 1.0 0,993 70 0.7 -140 0,22 0,88 0.0 1 60 -1105,094 -63,347 1,125 12 3 132,548
2000.0 1.0 0,993 80 0.7 -120 0,2 0,86 0.1 1 60 -1232,387 -42,633 1,192 14 1 155,497
3000.0 1.0 0,993 70 0.7 -180 0,18 0,88 0.1 1 60 -1116,126 -43,889 1,113 9 1 139,033
3000.0 1.0 0,992 80 0.7 -180 0,18 0,88 0.0 1 60 -1134,571 -33,89 1,074 16 6 134,186
3000.0 1.0 0,992 80 0.7 -180 0,2 0,86 0.1 1 60 -2320,558 -468,608 1,241 20 6 134,14
3000.0 1.0 0,992 80 0.7 -180 0,2 0,86 0.1 1 60 -1084,358 -40,051 1,107 11 2 136,533
3000.0 1.0 0,992 80 0.7 -120 0,18 0,86 0.0 1 60 -1053,308 -26,083 1,158 16 0 142,466
1000.0 1.0 0,992 80 0.7 -120 0,22 0,84 0.0 1 60 -1107,985 -34,071 1,152 22 3 117,998
1000.0 1.0 0,992 70 0.7 -180 0,18 0,86 0.0 1 60 -1214,619 -33,91 1,221 22 1 97,608
1000.0 1.0 0,992 70 0.7 -180 0,18 0,86 0.0 1 60 -1350,821 -46,452 1,235 29 3 104,007
3000.0 1.0 0,993 70 0.7 -140 0,22 0,84 0.0 1 60 -955,874 -22,895 1,164 10 3 133,553
3000.0 1.0 0,993 70 0.7 -120 0,18 0,84 0.0 1 60 -1005,14 -38,531 1,1 15 1 139,603
1000.0 1.0 0,992 70 0.7 -120 0,22 0,86 0.0 1 60 -975,77 -25,153 1,149 8 1 97,574
3000.0 1.0 0,993 70 0.7 -160 0,18 0,84 0.2 1 60 -1412,256 -86,564 1,197 13 2 161,824
3000.0 1.0 0,992 80 0.7 -120 0,18 0,86 0.0 1 60 -1107,996 -46,964 1,176 26 3 262,435
1000.0 1.0 0,992 70 0.7 -120 0,22 0,86 0.0 1 60 -1060,127 -39,193 1,249 14 5 185,034
1000.0 1.0 0,992 70 0.7 -180 0,18 0,86 0.0 1 60 -1191,232 -54,708 1,185 18 4 180,521
3000.0 1.0 0,992 80 0.7 -140 0,22 0,86 0.1 1 60 -1066,685 -62,788 1,19 7 1 168,502
3000.0 1.0 0,992 80 0.7 -120 0,22 0,88 0.0 1 60 -1173,913 -122,35 1,14 20 3 166,47
3000.0 1.0 0,992 70 0.7 -120 0,22 0,86 0.0 1 60 -918,462 -30,512 1,088 14 2 140,768
3000.0 1.0 0,993 70 0.7 -180 0,2 0,84 0.2 1 60 -1251,351 -106,946 1,273 7 1 166,655
2000.0 1.0 0,993 80 0.7 -120 0,22 0,86 0.1 1 60 -1123,519 -78,06 1,172 10 1 170,063
2000.0 1.0 0,993 70 0.7 -140 0,22 0,86 0.0 1 60 -1197,967 -47,958 1,167 20 4 285,567
1000.0 1.0 0,992 70 0.7 -120 0,22 0,86 0.0 1 60 -1083,182 -25,718 1,14 20 5 270,835
1000.0 1.0 0,992 80 0.7 -120 0,18 0,88 0.0 1 60 -1562,549 -128,236 1,206 29 5 317,767
3000.0 1.0 0,992 80 0.7 -120 0,18 0,84 0.0 1 60 -1134,927 -39,929 1,156 17 6 224,002
3000.0 1.0 0,993 70 0.7 -160 0,18 0,86 0.2 1 60 -1111,476 -36,186 1,209 6 1 136,204
2000.0 1.0 0,992 80 0.7 -120 0,18 0,86 0.1 1 60 -1250,03 -41,629 1,181 12 5 133,725
1000.0 1.0 0,992 70 0.7 -180 0,18 0,88 0.0 1 60 -1062,093 -28,421 1,184 21 0 103,105
1000.0 1.0 0,993 70 0.7 -140 0,22 0,84 0.0 1 60 -1204,865 -73,99 1,166 17 5 109,311
3000.0 1.0 0,992 80 0.7 -180 0,18 0,86 0.1 1 60 -1150,695 -65,603 1,193 10 0 137,931
3000.0 1.0 0,992 80 0.7 -180 0,18 0,86 0.1 1 60 -1068,956 -45,984 1,102 5 3 132,212
3000.0 1.0 0,993 80 0.7 -140 0,22 0,88 0.0 1 60 -1101,921 -55,636 1,077 18 5 151,328
3000.0 1.0 0,992 80 0.7 -120 0,18 0,86 0.2 1 60 -1162,66 -38,767 1,184 8 1 331,762
1000.0 1.0 0,992 70 0.7 -120 0,22 0,88 0.1 1 60 -1043,281 -25,714 1,21 8 1 247,788
3000.0 1.0 0,992 80 0.7 -180 0,18 0,84 0.0 1 60 -1056,446 -32,096 1,198 20 4 228,723
2000.0 1.0 0,993 70 0.7 -160 0,18 0,86 0.2 1 60 -1774,362 -360,168 1,155 10 5 158,82
2000.0 1.0 0,993 80 0.7 -120 0,2 0,86 0.1 1 60 -1084,187 -58,061 1,103 8 2 178,752
1000.0 1.0 0,993 80 0.7 -180 0,18 0,88 0.1 1 60 -1114,328 -40,051 1,211 7 0 155,889
3000.0 1.0 0,993 80 0.7 -140 0,22 0,84 0.0 1 60 -1053,189 -58,205 1,06 16 0 163,871
2000.0 1.0 0,993 70 0.7 -160 0,18 0,86 0.2 1 60 -1173,431 -34,811 1,25 6 2 129,107
3000.0 1.0 0,992 70 0.7 -160 0,22 0,84 0.2 1 60 -1142,308 -33,07 1,146 7 1 119,997
3000.0 1.0 0,992 70 0.7 -160 0,22 0,84 0.2 1 60 -1205,23 -62,98 1,182 9 1 118,563
3000.0 1.0 0,992 80 0.7 -120 0,18 0,86 0.2 1 60 -1307,438 -54,807 1,235 10 3 140,755
1000.0 1.0 0,992 80 0.7 -120 0,22 0,84 0.2 1 60 -5229,201 -958,229 1,194 31 24 114,621
3000.0 1.0 0,993 70 0.7 -120 0,18 0,84 0.0 1 60 -1104,277 -58,632 1,095 15 4 134,042
3000.0 1.0 0,992 70 0.7 -120 0,22 0,86 0.0 1 60 -1085,397 -34,863 1,139 26 3 131,655
1000.0 1.0 0,993 80 0.7 -180 0,18 0,88 0.1 1 60 -1099,873 -48,332 1,185 9 0 124,014
3000.0 1.0 0,993 70 0.7 -160 0,2 0,84 0.2 1 60 -1197,841 -86,217 1,154 7 1 138,075
2000.0 1.0 0,993 80 0.7 -140 0,18 0,86 0.1 1 60 -1115,21 -42,055 1,157 11 1 148,313
3000.0 1.0 0,992 80 0.7 -120 0,2 0,86 0.2 1 60 -1456,768 -77,95 1,23 10 2 151,444
3000.0 1.0 0,992 80 0.7 -180 0,18 0,84 0.0 1 60 -1125,932 -33,722 1,176 17 1 135,217
1000.0 1.0 0,993 80 0.7 -180 0,18 0,88 0.1 1 60 -1075,721 -38,048 1,201 7 0 126,766
3000.0 1.0 0,992 70 0.7 -160 0,22 0,84 0.2 1 60 -985,147 -42,418 1,168 4 0 118,618