
3000.0 1.0 0,992 55 0.7 -180 0,18 0,89 0.3 1 60 -298,327 -7,91 0,712 0 0 40,866
1000.0 1.0 0,992 55 0.7 -160 0,2 0,89 0.3 1 60 -289,919 -7 0,686 0 0 31,41
3000.0 1.0 0,992 55 0.7 -180 0,22 0,87 0.3 1 60 -321,459 -7,646 0,78 0 0 36,997
1000.0 1.0 0,992 65 0.7 -160 0,2 0,89 0.3 1 60 -282,934 -7,219 0,684 0 0 34,933
1000.0 1.0 0,992 65 0.7 -180 0,22 0,91 0.3 1 60 -298,038 -8,243 0,73 0 0 35,112
3000.0 1.0 0,992 65 0.7 -140 0,22 0,89 0.3 1 60 -301,81 -6,708 0,707 0 0 45,661
1000.0 1.0 0,992 55 0.7 -160 0,18 0,87 0.3 1 60 -295,601 -7,891 0,714 0 0 31,229
1000.0 1.0 0,992 65 0.7 -180 0,2 0,87 0.3 1 60 -304,065 -8,225 0,722 0 0 35,879
1000.0 1.0 0,992 65 0.7 -160 0,22 0,89 0.3 1 60 -322,607 -6,831 0,752 0 0 38,259
1000.0 1.0 0,992 55 0.7 -180 0,18 0,87 0.3 1 60 -330,337 -9,578 0,77 0 0 31,616
3000.0 1.0 0,992 65 0.7 -140 0,22 0,91 0.3 1 60 -239,081 -5,937 0,608 0 0 41,568
1000.0 1.0 0,992 65 0.7 -160 0,18 0,91 0.3 1 60 -286,656 -6,15 0,688 0 0 35,731
1000.0 1.0 0,992 55 0.7 -140 0,2 0,89 0.3 1 60 -293,904 -7,27 0,73 0 0 32,618
1000.0 1.0 0,992 55 0.7 -180 0,22 0,89 0.3 1 60 -320,77 -6,708 0,765 0 0 30,689
3000.0 1.0 0,992 55 0.7 -160 0,22 0,89 0.3 1 60 -289,543 -8,296 0,716 0 0 37,757
1000.0 1.0 0,992 65 0.7 -180 0,2 0,89 0.3 1 60 -347,85 -7,838 0,8 0 0 35,792
3000.0 1.0 0,992 55 0.7 -180 0,2 0,87 0.3 1 60 -282,372 -6,931 0,694 0 0 37,204
3000.0 1.0 0,992 55 0.7 -140 0,22 0,89 0.3 1 60 -279,092 -7,021 0,667 0 0 39,056
1000.0 1.0 0,992 65 0.7 -160 0,22 0,91 0.3 1 60 -271,938 -6,681 0,664 0 0 34,804
1000.0 1.0 0,992 65 0.7 -180 0,2 0,89 0.3 1 60 -299,716 -7,453 0,744 0 0 36,255
3000.0 1.0 0,992 55 0.7 -160 0,22 0,91 0.3 1 60 -277,478 -7,04 0,672 0 0 39,198
3000.0 1.0 0,992 65 0.7 -160 0,22 0,91 0.3 1 60 -303,816 -6,266 0,751 0 0 42,303
1000.0 1.0 0,992 55 0.7 -180 0,22 0,89 0.3 1 60 -312,708 -6,429 0,719 0 0 30,108
3000.0 1.0 0,992 55 0.7 -160 0,18 0,91 0.3 1 60 -273,584 -6,699 0,673 0 0 40,761
3000.0 1.0 0,992 55 0.7 -180 0,22 0,87 0.3 1 60 -271,052 -8,095 0,672 0 0 35,744
3000.0 1.0 0,992 55 0.7 -180 0,22 0,91 0.3 1 60 -322,105 -7,783 0,747 0 0 35,034
1000.0 1.0 0,992 55 0.7 -160 0,18 0,91 0.3 1 60 -280,766 -6,578 0,705 0 0 33,112
3000.0 1.0 0,992 55 0.7 -180 0,18 0,87 0.3 1 60 -261,487 -6,695 0,655 0 0 35,904
3000.0 1.0 0,992 55 0.7 -160 0,18 0,91 0.3 1 60 -249,626 -6,848 0,638 0 0 36,499
1000.0 1.0 0,992 55 0.7 -140 0,18 0,87 0.3 1 60 -339,425 -7,024 0,77 0 0 30,825
1000.0 1.0 0,992 55 0.7 -160 0,2 0,89 0.3 1 60 -271,912 -7,558 0,671 0 0 29,325
3000.0 1.0 0,992 65 0.7 -180 0,2 0,87 0.3 1 60 -283,196 -6,65 0,695 0 0 41,778
1000.0 1.0 0,992 65 0.7 -180 0,2 0,91 0.3 1 60 -278,995 -7,578 0,696 0 0 34,419
1000.0 1.0 0,992 55 0.7 -180 0,18 0,89 0.3 1 60 -338,608 -9,245 0,797 0 0 34,376
3000.0 1.0 0,992 55 0.7 -140 0,2 0,89 0.3 1 60 -265,592 -6,077 0,637 0 0 38,411
1000.0 1.0 0,992 55 0.7 -140 0,22 0,91 0.3 1 60 -324,022 -7,055 0,775 0 0 34,72
1000.0 1.0 0,992 55 0.7 -160 0,2 0,87 0.3 1 60 -308,433 -7,008 0,728 0 0 31,969
1000.0 1.0 0,992 65 0.7 -160 0,2 0,91 0.3 1 60 -319,331 -7,19 0,753 0 0 36,826
3000.0 1.0 0,992 65 0.7 -140 0,18 0,87 0.3 1 60 -284,741 -8,095 0,689 0 0 43,1
3000.0 1.0 0,992 65 0.7 -180 0,2 0,87 0.3 1 60 -286,463 -6,182 0,716 0 0 43,583
3000.0 1.0 0,992 55 0.7 -140 0,18 0,89 0.3 1 60 -308,627 -8,689 0,731 0 0 40,176
1000.0 1.0 0,992 65 0.7 -140 0,22 0,89 0.3 1 60 -287,665 -7,43 0,701 0 0 36,138
3000.0 1.0 0,992 55 0.7 -160 0,22 0,87 0.3 1 60 -292 -6,276 0,704 0 0 36,695
1000.0 1.0 0,992 65 0.7 -180 0,22 0,89 0.3 1 60 -301,155 -9,13 0,731 0 0 35,644
1000.0 1.0 0,992 55 0.7 -160 0,2 0,87 0.3 1 60 -304,299 -8,463 0,739 0 0 30,943
3000.0 1.0 0,992 55 0.7 -180 0,22 0,89 0.3 1 60 -308,541 -8,577 0,73 0 0 38,876
3000.0 1.0 0,992 55 0.7 -140 0,22 0,91 0.3 1 60 -458,303 -92,491 0,692 2 1 39,027
1000.0 1.0 0,992 55 0.7 -140 0,22 0,87 0.3 1 60 -321,79 -7,715 0,743 0 0 32,697
1000.0 1.0 0,992 55 0.7 -180 0,2 0,87 0.3 1 60 -339,048 -6,951 0,801 0 0 33,401
1000.0 1.0 0,992 65 0.7 -140 0,18 0,87 0.3 1 60 -298,473 -24,144 0,626 1 0 36,603
1000.0 1.0 0,992 65 0.7 -140 0,18 0,89 0.3 1 60 -294,138 -7,13 0,72 0 0 37,959
3000.0 1.0 0,992 55 0.7 -160 0,18 0,87 0.3 1 60 -251,476 -6,891 0,623 0 0 36,815
3000.0 1.0 0,992 65 0.7 -140 0,2 0,87 0.3 1 60 -289,505 -7,331 0,703 0 0 41,541
3000.0 1.0 0,992 65 0.7 -140 0,18 0,87 0.3 1 60 -275,874 -6,095 0,682 0 0 42,152
3000.0 1.0 0,992 65 0.7 -140 0,2 0,87 0.3 1 60 -269,168 -8,332 0,662 0 0 41,87
3000.0 1.0 0,992 55 0.7 -140 0,2 0,91 0.3 1 60 -257,769 -5,529 0,64 0 0 38,715
3000.0 1.0 0,992 55 0.7 -160 0,22 0,87 0.3 1 60 -310,589 -6,963 0,735 0 0 38,669
1000.0 1.0 0,992 65 0.7 -160 0,22 0,89 0.3 1 60 -301,245 -7,811 0,732 0 0 35,153
3000.0 1.0 0,992 55 0.7 -160 0,18 0,87 0.3 1 60 -298,992 -7,604 0,711 0 0 37,776
1000.0 1.0 0,992 65 0.7 -140 0,18 0,87 0.3 1 60 -258,311 -8,264 0,642 0 0 36,017
3000.0 1.0 0,992 55 0.7 -160 0,18 0,91 0.3 1 60 -328,778 -8,577 0,757 0 0 39,19
3000.0 1.0 0,992 55 0.7 -140 0,2 0,89 0.3 1 60 -255,523 -6,182 0,663 0 0 36,837
1000.0 1.0 0,992 55 0.7 -140 0,18 0,87 0.3 1 60 -287,38 -8,604 0,69 0 0 33,184
3000.0 1.0 0,992 55 0.7 -180 0,22 0,87 0.3 1 60 -291,932 -7,445 0,709 0 0 39,602
3000.0 1.0 0,992 65 0.7 -140 0,22 0,91 0.3 1 60 -247,683 -6,375 0,646 0 0 43,236
1000.0 1.0 0,992 65 0.7 -160 0,2 0,89 0.3 1 60 -299,774 -6,915 0,743 0 0 35,206
1000.0 1.0 0,992 65 0.7 -160 0,22 0,91 0.3 1 60 -275,549 -5,513 0,678 0 0 37,946
3000.0 1.0 0,992 55 0.7 -180 0,18 0,87 0.3 1 60 -315,368 -9,225 0,74 0 0 37,393
3000.0 1.0 0,992 55 0.7 -160 0,18 0,87 0.3 1 60 -291,086 -7,021 0,694 0 0 37,444
3000.0 1.0 0,992 55 0.7 -140 0,2 0,87 0.3 1 60 -274,205 -5,899 0,66 0 0 38,371
3000.0 1.0 0,992 55 0.7 -160 0,2 0,89 0.3 1 60 -284,539 -7,225 0,693 0 0 38,806
3000.0 1.0 0,992 55 0.7 -140 0,22 0,87 0.3 1 60 -265,882 -6,796 0,651 0 0 36,136
1000.0 1.0 0,992 65 0.7 -140 0,2 0,87 0.3 1 60 -292,722 -5,847 0,714 0 0 35,681
3000.0 1.0 0,992 65 0.7 -140 0,2 0,91 0.3 1 60 -268,812 -5,935 0,64 0 0 42,367
3000.0 1.0 0,992 55 0.7 -160 0,18 0,87 0.3 1 60 -329,945 -9,515 0,757 0 0 39,124
3000.0 1.0 0,992 55 0.7 -180 0,18 0,89 0.3 1 60 -263,854 -6,863 0,646 0 0 37,012
3000.0 1.0 0,992 65 0.7 -180 0,22 0,89 0.3 1 60 -291,23 -8,225 0,725 0 0 42,58
3000.0 1.0 0,992 55 0.7 -140 0,2 0,89 0.3 1 60 -297,608 -8,91 0,72 0 0 36,416
3000.0 1.0 0,992 65 0.7 -140 0,22 0,87 0.3 1 60 -253,806 -6,932 0,624 0 0 43,28
1000.0 1.0 0,992 55 0.7 -140 0,18 0,87 0.3 1 60 -296,798 -6,599 0,679 0 0 31,271
3000.0 1.0 0,992 65 0.7 -140 0,2 0,87 0.3 1 60 -260,643 -6,082 0,637 0 0 42,902
1000.0 1.0 0,992 65 0.7 -140 0,18 0,87 0.3 1 60 -296,147 -7,348 0,725 0 0 35,173
3000.0 1.0 0,992 65 0.7 -140 0,22 0,87 0.3 1 60 -290,421 -8,848 0,705 0 0 41,487
3000.0 1.0 0,992 55 0.7 -140 0,2 0,89 0.3 1 60 -306,562 -6,977 0,749 0 0 38,385