
4000.0 1.0 0,993 60 0.7 -150 0,22 0,9 0.3 1 60 -711,062 -12,054 1,066 0 0 94,646
3000.0 1.0 0,992 50 0.7 -150 0,22 0,92 0.3 1 60 -682,003 -10,32 1,054 0 0 66,33
4000.0 1.0 0,993 60 0.7 -150 0,2 0,9 0.3 1 60 -736,16 -13,581 1,134 0 0 87,93
3000.0 1.0 0,993 50 0.7 -170 0,22 0,88 0.3 1 60 -741,145 -12,581 1,117 0 0 71,713
3000.0 1.0 0,993 60 0.7 -130 0,22 0,9 0.3 1 60 -658,11 -12,581 1,001 0 0 83,684
2000.0 1.0 0,993 50 0.7 -170 0,22 0,88 0.3 1 60 -691,699 -12,914 1,066 0 0 66,159
4000.0 1.0 0,993 60 0.7 -150 0,2 0,9 0.3 1 60 -697,45 -20,843 1,029 1 0 89,353
4000.0 1.0 0,993 50 0.7 -150 0,18 0,9 0.3 1 60 -664,815 -12,581 1,025 0 0 76,383
2000.0 1.0 0,993 50 0.7 -150 0,22 0,9 0.3 1 60 -725,781 -13,581 1,118 0 0 67,674
2000.0 1.0 0,993 50 0.7 -170 0,2 0,92 0.3 1 60 -654,822 -12,248 1,02 0 0 78,554
4000.0 1.0 0,993 60 0.7 -130 0,2 0,88 0.3 1 60 -653,683 -12,248 0,985 0 0 89,987
2000.0 1.0 0,992 60 0.7 -150 0,2 0,88 0.3 1 60 -737,806 -12,581 1,122 0 0 69,892
2000.0 1.0 0,993 60 0.7 -130 0,2 0,9 0.3 1 60 -647,731 -12,914 1,006 0 0 80,315
2000.0 1.0 0,992 50 0.7 -170 0,22 0,9 0.3 1 60 -740,605 -12,248 1,135 0 0 62,708
4000.0 1.0 0,992 50 0.7 -170 0,2 0,88 0.3 1 60 -734,166 -12,248 1,114 0 0 64,332
4000.0 1.0 0,993 60 0.7 -130 0,22 0,9 0.3 1 60 -783,976 -27,049 1,127 1 0 98,55
3000.0 1.0 0,992 50 0.7 -170 0,18 0,88 0.3 1 60 -749,321 -12,581 1,122 0 0 64,771
2000.0 1.0 0,993 60 0.7 -130 0,2 0,92 0.3 1 60 -682,983 -12,248 1,036 0 0 80,044
3000.0 1.0 0,992 60 0.7 -170 0,2 0,88 0.3 1 60 -668,098 -9,581 1,035 0 0 69,771
3000.0 1.0 0,993 60 0.7 -130 0,18 0,92 0.3 1 60 -630,508 -12,054 0,989 0 0 90,195
2000.0 1.0 0,992 50 0.7 -150 0,2 0,92 0.3 1 60 -1297,861 -234,42 1,126 5 5 66,238
2000.0 1.0 0,993 50 0.7 -130 0,18 0,92 0.3 1 60 -698,133 -11,914 1,059 0 0 74,246
2000.0 1.0 0,993 50 0.7 -150 0,22 0,92 0.3 1 60 -720,565 -11,914 1,082 0 0 79,485
3000.0 1.0 0,993 50 0.7 -150 0,18 0,88 0.3 1 60 -718,93 -14,248 1,092 0 0 73,284
4000.0 1.0 0,992 50 0.7 -130 0,18 0,88 0.3 1 60 -716,297 -22,617 1,053 1 0 69,198
2000.0 1.0 0,993 50 0.7 -130 0,18 0,92 0.3 1 60 -2180,518 -372,879 1,126 20 7 75,902
3000.0 1.0 0,993 50 0.7 -170 0,18 0,9 0.3 1 60 -762,221 -23,885 1,131 1 0 71,133
2000.0 1.0 0,993 50 0.7 -150 0,2 0,9 0.3 1 60 -692,596 -10,51 1,074 0 0 69,055
3000.0 1.0 0,993 50 0.7 -150 0,22 0,9 0.3 1 60 -754,335 -12,248 1,124 0 0 70,701
2000.0 1.0 0,993 60 0.7 -150 0,2 0,92 0.3 1 60 -730,632 -12,581 1,124 0 0 83,49
3000.0 1.0 0,993 60 0.7 -130 0,18 0,92 0.3 1 60 -640,917 -12,054 0,983 0 0 87,53
4000.0 1.0 0,993 50 0.7 -150 0,22 0,92 0.3 1 60 -674,116 -12,054 1,018 0 0 71,339
2000.0 1.0 0,992 50 0.7 -170 0,2 0,9 0.3 1 60 -742,011 -8,355 1,119 0 0 59,352
3000.0 1.0 0,992 50 0.7 -130 0,22 0,9 0.3 1 60 -698,495 -13,248 1,045 0 0 66,65
2000.0 1.0 0,992 60 0.7 -170 0,2 0,9 0.3 1 60 -768,606 -12,248 1,151 0 0 75,386
2000.0 1.0 0,993 60 0.7 -170 0,22 0,9 0.3 1 60 -733,193 -13,914 1,112 0 0 78,61
4000.0 1.0 0,992 60 0.7 -150 0,22 0,88 0.3 1 60 -718,832 -12,387 1,107 0 0 77,339
3000.0 1.0 0,993 50 0.7 -170 0,2 0,92 0.3 1 60 -730,673 -12,248 1,124 0 0 71,459
2000.0 1.0 0,992 50 0.7 -130 0,18 0,9 0.3 1 60 -700,701 -12,248 1,079 0 0 63,136
4000.0 1.0 0,992 50 0.7 -130 0,18 0,9 0.3 1 60 -688,502 -9,483 1,065 0 0 69,256
3000.0 1.0 0,993 60 0.7 -130 0,18 0,9 0.3 1 60 -658,029 -12,248 1,004 0 0 83,795
2000.0 1.0 0,993 60 0.7 -150 0,22 0,9 0.3 1 60 -719,112 -12,581 1,091 0 0 79,665
2000.0 1.0 0,992 50 0.7 -130 0,22 0,92 0.3 1 60 -670,108 -15,162 1,028 0 0 61,03
3000.0 1.0 0,993 60 0.7 -130 0,18 0,88 0.3 1 60 -667,671 -7,513 1,024 0 0 83,48
3000.0 1.0 0,992 50 0.7 -150 0,22 0,9 0.3 1 60 -700,831 -10,51 1,062 0 0 67,335
3000.0 1.0 0,992 50 0.7 -170 0,2 0,88 0.3 1 60 -718,048 -12,248 1,081 0 0 65,146
2000.0 1.0 0,992 60 0.7 -130 0,22 0,9 0.3 1 60 -640,537 -12,914 0,998 0 0 68,669
3000.0 1.0 0,993 60 0.7 -130 0,2 0,88 0.3 1 60 -635,126 -12,054 1,009 0 0 82,543
4000.0 1.0 0,993 60 0.7 -170 0,18 0,9 0.3 1 60 -668,735 -12,248 1,028 0 0 87,159
3000.0 1.0 0,992 50 0.7 -150 0,2 0,9 0.3 1 60 -731,611 -12,581 1,099 0 0 68,76
2000.0 1.0 0,993 60 0.7 -130 0,2 0,88 0.3 1 60 -699,677 -12,248 1,084 0 0 79,79
4000.0 1.0 0,992 60 0.7 -150 0,2 0,88 0.3 1 60 -751,696 -25,684 1,092 1 0 75,857
3000.0 1.0 0,993 60 0.7 -150 0,22 0,9 0.3 1 60 -695,081 -12,914 1,06 0 0 81,917
3000.0 1.0 0,993 60 0.7 -130 0,18 0,92 0.3 1 60 -679,542 -8,581 1,047 0 0 85,885
2000.0 1.0 0,993 60 0.7 -150 0,2 0,92 0.3 1 60 -709,685 -12,581 1,077 0 0 81,818
2000.0 1.0 0,993 50 0.7 -170 0,22 0,92 0.3 1 60 -1193,715 -210,566 1,113 7 2 69,773
3000.0 1.0 0,993 60 0.7 -170 0,18 0,88 0.3 1 60 -698,314 -12,581 1,078 0 0 83,653
2000.0 1.0 0,992 50 0.7 -130 0,2 0,9 0.3 1 60 -746,398 -12,248 1,12 0 0 63,592
3000.0 1.0 0,993 50 0.7 -150 0,22 0,9 0.3 1 60 -712,629 -7,745 1,076 0 0 73,646
2000.0 1.0 0,993 60 0.7 -130 0,2 0,92 0.3 1 60 -872,181 -94,53 1,045 2 1 81,075
3000.0 1.0 0,993 50 0.7 -170 0,2 0,92 0.3 1 60 -623,469 -9,948 0,948 0 0 71,099
2000.0 1.0 0,992 60 0.7 -130 0,18 0,92 0.3 1 60 -728,074 -12,581 1,141 0 0 73,909
4000.0 1.0 0,993 50 0.7 -170 0,2 0,92 0.3 1 60 -692,715 -12,248 1,075 0 0 74,435
4000.0 1.0 0,993 50 0.7 -150 0,18 0,88 0.3 1 60 -676,27 -12,248 1,054 0 0 72,468
2000.0 1.0 0,992 50 0.7 -130 0,2 0,88 0.3 1 60 -766,094 -12,581 1,147 0 0 60,19
4000.0 1.0 0,992 50 0.7 -130 0,22 0,9 0.3 1 60 -670,335 -12,581 1,036 0 0 68,134
4000.0 1.0 0,993 60 0.7 -170 0,2 0,88 0.3 1 60 -688,246 -13,914 1,066 0 0 83
2000.0 1.0 0,992 50 0.7 -150 0,2 0,92 0.3 1 60 -698,054 -12,248 1,079 0 0 63,533
2000.0 1.0 0,992 50 0.7 -130 0,18 0,9 0.3 1 60 -910,468 -116,234 1,051 4 1 63,756
4000.0 1.0 0,992 50 0.7 -170 0,22 0,88 0.3 1 60 -755,862 -23,268 1,1 1 0 67,033
4000.0 1.0 0,992 50 0.7 -150 0,22 0,9 0.3 1 60 -679,649 -12,914 1,062 0 0 66,147
3000.0 1.0 0,993 50 0.7 -150 0,22 0,88 0.3 1 60 -768,571 -23,431 1,096 1 0 75,591
3000.0 1.0 0,992 60 0.7 -170 0,22 0,92 0.3 1 60 -715,94 -13,914 1,11 0 0 74,644
3000.0 1.0 0,993 60 0.7 -150 0,22 0,9 0.3 1 60 -661,085 -12,248 1,014 0 0 81,68
4000.0 1.0 0,992 60 0.7 -130 0,2 0,92 0.3 1 60 -644,405 -12,581 0,991 0 0 82,471
4000.0 1.0 0,993 60 0.7 -130 0,22 0,88 0.3 1 60 -651,852 -14,248 1,012 0 0 85,805
3000.0 1.0 0,992 50 0.7 -130 0,2 0,92 0.3 1 60 -765,316 -22,624 1,098 1 0 68,39
4000.0 1.0 0,993 50 0.7 -150 0,2 0,9 0.3 1 60 -907,442 -104,509 1,079 3 1 75,348
2000.0 1.0 0,993 60 0.7 -130 0,2 0,9 0.3 1 60 -689,4 -12,581 1,059 0 0 81,598
4000.0 1.0 0,992 60 0.7 -130 0,22 0,92 0.3 1 60 -690,607 -12,054 1,046 0 0 81,071
3000.0 1.0 0,992 60 0.7 -150 0,22 0,9 0.3 1 60 -718,04 -12,914 1,11 0 0 75,496
4000.0 1.0 0,992 60 0.7 -130 0,22 0,88 0.3 1 60 -703,362 -12,248 1,1 0 0 77,879
2000.0 1.0 0,993 60 0.7 -170 0,18 0,88 0.3 1 60 -707,358 -12,248 1,077 0 0 79,148
4000.0 1.0 0,992 50 0.7 -150 0,22 0,88 0.3 1 60 -771,062 -21,702 1,125 1 0 66,513
4000.0 1.0 0,993 60 0.7 -130 0,22 0,92 0.3 1 60 -670,343 -11,914 1,049 0 0 89,277
4000.0 1.0 0,993 50 0.7 -170 0,18 0,92 0.3 1 60 -713,775 -12,248 1,05 0 0 78,821
3000.0 1.0 0,992 60 0.7 -150 0,2 0,92 0.3 1 60 -647,847 -13,248 0,995 0 0 77,548
4000.0 1.0 0,992 60 0.7 -130 0,22 0,88 0.3 1 60 -682,575 -12,581 1,058 0 0 75,889
3000.0 1.0 0,993 50 0.7 -150 0,18 0,9 0.3 1 60 -721,849 -12,248 1,1 0 0 72,826
3000.0 1.0 0,992 60 0.7 -150 0,18 0,92 0.3 1 60 -697,189 -7,914 1,069 0 0 77,33
2000.0 1.0 0,993 50 0.7 -170 0,18 0,9 0.3 1 60 -723,341 -14,581 1,074 0 0 69,223
3000.0 1.0 0,992 60 0.7 -150 0,2 0,9 0.3 1 60 -722,589 -15,248 1,086 0 0 77,323
4000.0 1.0 0,993 50 0.7 -150 0,2 0,92 0.3 1 60 -677,682 -10,495 1,026 0 0 74,228
4000.0 1.0 0,993 60 0.7 -170 0,18 0,9 0.3 1 60 -665,972 -14,248 1,022 0 0 86,896
4000.0 1.0 0,993 50 0.7 -150 0,18 0,92 0.3 1 60 -701,188 -12,581 1,07 0 0 76,393
4000.0 1.0 0,992 50 0.7 -130 0,22 0,9 0.3 1 60 -676,65 -12,581 1,048 0 0 67,748
4000.0 1.0 0,992 60 0.7 -150 0,22 0,92 0.3 1 60 -702,406 -12,581 1,094 0 0 78,085
3000.0 1.0 0,993 50 0.7 -150 0,18 0,88 0.3 1 60 -651,663 -13,581 0,997 0 0 71,526
2000.0 1.0 0,992 50 0.7 -170 0,18 0,92 0.3 1 60 -718,765 -12,248 1,104 0 0 61,611
3000.0 1.0 0,992 50 0.7 -170 0,18 0,88 0.3 1 60 -702,817 -15,914 1,075 0 0 66,501
2000.0 1.0 0,993 60 0.7 -150 0,22 0,9 0.3 1 60 -705,721 -12,581 1,073 0 0 77,632
3000.0 1.0 0,992 60 0.7 -170 0,2 0,92 0.3 1 60 -685,958 -10,387 1,051 0 0 74,902
4000.0 1.0 0,993 50 0.7 -150 0,18 0,9 0.3 1 60 -708,433 -10,844 1,098 0 0 76,106
2000.0 1.0 0,993 50 0.7 -170 0,22 0,9 0.3 1 60 -722,018 -13,914 1,082 0 0 63,757
3000.0 1.0 0,993 50 0.7 -130 0,22 0,88 0.3 1 60 -739,274 -12,581 1,121 0 0 73,344
4000.0 1.0 0,993 60 0.7 -130 0,2 0,92 0.3 1 60 -649,33 -12,248 1,019 0 0 90,966
3000.0 1.0 0,993 50 0.7 -170 0,22 0,92 0.3 1 60 -664,442 -8,687 1,036 0 0 73,379
4000.0 1.0 0,993 50 0.7 -150 0,22 0,88 0.3 1 60 -752,936 -22,507 1,096 1 0 75,288
3000.0 1.0 0,993 60 0.7 -170 0,2 0,88 0.3 1 60 -658,997 -15,581 0,995 0 0 79,324
3000.0 1.0 0,993 60 0.7 -170 0,22 0,9 0.3 1 60 -698,029 -9,721 1,074 0 0 83,157
4000.0 1.0 0,992 60 0.7 -130 0,22 0,92 0.3 1 60 -691,337 -11,914 1,038 0 0 79,532
3000.0 1.0 0,993 60 0.7 -130 0,18 0,9 0.3 1 60 -662,845 -11,914 1,019 0 0 84,374
2000.0 1.0 0,993 60 0.7 -150 0,2 0,9 0.3 1 60 -662,421 -12,248 1,004 0 0 82,456
3000.0 1.0 0,992 60 0.7 -170 0,2 0,92 0.3 1 60 -701,348 -14,581 1,06 0 0 76,108
2000.0 1.0 0,993 60 0.7 -130 0,22 0,92 0.3 1 60 -692,121 -8,547 1,026 0 0 79,105
4000.0 1.0 0,993 60 0.7 -150 0,22 0,88 0.3 1 60 -723,276 -12,914 1,089 0 0 85,723
4000.0 1.0 0,993 50 0.7 -150 0,18 0,9 0.3 1 60 -759,939 -13,581 1,134 0 0 79,168
4000.0 1.0 0,992 60 0.7 -130 0,22 0,9 0.3 1 60 -671,736 -12,248 1,035 0 0 81,35
4000.0 1.0 0,992 50 0.7 -130 0,22 0,9 0.3 1 60 -1651,072 -355,591 1,035 8 8 73,571
3000.0 1.0 0,993 50 0.7 -150 0,2 0,88 0.3 1 60 -724,204 -12,248 1,107 0 0 72,105
4000.0 1.0 0,992 50 0.7 -130 0,2 0,92 0.3 1 60 -702,323 -14,721 1,085 0 0 70,688
3000.0 1.0 0,993 60 0.7 -130 0,18 0,88 0.3 1 60 -690,206 -12,914 1,032 0 0 85,995
4000.0 1.0 0,993 60 0.7 -170 0,18 0,9 0.3 1 60 -705,014 -8,761 1,053 0 0 88,909
2000.0 1.0 0,993 60 0.7 -150 0,22 0,9 0.3 1 60 -656,243 -13,387 1,012 0 0 76,996
4000.0 1.0 0,993 60 0.7 -130 0,22 0,92 0.3 1 60 -703,789 -11,914 1,036 0 0 92,793
3000.0 1.0 0,993 50 0.7 -170 0,2 0,92 0.3 1 60 -726,112 -12,914 1,104 0 0 72,619
3000.0 1.0 0,993 50 0.7 -130 0,22 0,9 0.3 1 60 -678,633 -12,054 1,022 0 0 74,036
4000.0 1.0 0,993 60 0.7 -130 0,18 0,92 0.3 1 60 -665,723 -13,248 1,056 0 0 88,228
2000.0 1.0 0,993 60 0.7 -130 0,2 0,9 0.3 1 60 -674,486 -12,248 1,039 0 0 86,693
2000.0 1.0 0,993 50 0.7 -130 0,18 0,9 0.3 1 60 -687,565 -8,581 1,065 0 0 70,707
3000.0 1.0 0,992 60 0.7 -150 0,2 0,92 0.3 1 60 -642,801 -12,581 1,013 0 0 75,945
3000.0 1.0 0,993 60 0.7 -130 0,18 0,88 0.3 1 60 -620,789 -12,581 0,96 0 0 82,592
4000.0 1.0 0,993 60 0.7 -130 0,2 0,92 0.3 1 60 -613,293 -8,914 0,99 0 0 84,946
2000.0 1.0 0,992 50 0.7 -130 0,22 0,92 0.3 1 60 -735,549 -14,914 1,113 0 0 66,374
3000.0 1.0 0,993 60 0.7 -130 0,18 0,9 0.3 1 60 -596,005 -12,581 0,935 0 0 83,094
4000.0 1.0 0,993 60 0.7 -130 0,22 0,88 0.3 1 60 -680,377 -13,914 1,053 0 0 87,679
3000.0 1.0 0,993 50 0.7 -170 0,22 0,92 0.3 1 60 -656,808 -10,387 0,993 0 0 68,89
2000.0 1.0 0,993 50 0.7 -170 0,18 0,9 0.3 1 60 -719,711 -12,248 1,096 0 0 68,965
2000.0 1.0 0,993 60 0.7 -130 0,22 0,9 0.3 1 60 -660,688 -12,248 1,038 0 0 77,813
4000.0 1.0 0,993 60 0.7 -130 0,2 0,9 0.3 1 60 -609,912 -12,248 0,979 0 0 86,734
4000.0 1.0 0,992 50 0.7 -130 0,22 0,9 0.3 1 60 -699,87 -12,248 1,072 0 0 65,747
3000.0 1.0 0,993 60 0.7 -130 0,18 0,92 0.3 1 60 -657,725 -12,248 1,006 0 0 84,267
3000.0 1.0 0,993 50 0.7 -150 0,18 0,88 0.3 1 60 -781,543 -21,81 1,138 1 0 73,633
2000.0 1.0 0,993 50 0.7 -170 0,2 0,92 0.3 1 60 -761,648 -21,6 1,1 1 0 72,306
4000.0 1.0 0,992 60 0.7 -170 0,18 0,9 0.3 1 60 -713,195 -16,248 1,095 0 0 78,914
2000.0 1.0 0,993 60 0.7 -130 0,18 0,9 0.3 1 60 -1089,089 -172,974 1,019 8 1 79,232
2000.0 1.0 0,993 60 0.7 -170 0,2 0,92 0.3 1 60 -668,822 -11,914 1,011 0 0 78,806
2000.0 1.0 0,993 50 0.7 -150 0,18 0,9 0.3 1 60 -718,605 -12,248 1,087 0 0 70,523
2000.0 1.0 0,993 60 0.7 -150 0,2 0,9 0.3 1 60 -664,487 -12,248 1,026 0 0 80,978
3000.0 1.0 0,993 50 0.7 -130 0,18 0,92 0.3 1 60 -672,729 -16,248 1,042 0 0 75,051
2000.0 1.0 0,992 50 0.7 -130 0,18 0,92 0.3 1 60 -691,895 -12,914 1,06 0 0 64,74
3000.0 1.0 0,993 50 0.7 -170 0,18 0,92 0.3 1 60 -900,555 -87,235 1,116 2 1 77,532
3000.0 1.0 0,993 60 0.7 -130 0,2 0,92 0.3 1 60 -657,329 -6,622 1,006 0 0 84,208
3000.0 1.0 0,993 60 0.7 -130 0,18 0,92 0.3 1 60 -725,415 -12,248 1,104 0 0 89,148
4000.0 1.0 0,993 50 0.7 -130 0,2 0,92 0.3 1 60 -687,165 -13,387 1,058 0 0 77,307
3000.0 1.0 0,993 60 0.7 -130 0,2 0,92 0.3 1 60 -663,657 -12,054 1,009 0 0 84,229
3000.0 1.0 0,993 60 0.7 -130 0,18 0,92 0.3 1 60 -692,081 -12,581 1,066 0 0 88,034
2000.0 1.0 0,993 60 0.7 -130 0,22 0,9 0.3 1 60 -607,716 -12,248 0,926 0 0 77,058
2000.0 1.0 0,993 60 0.7 -150 0,22 0,9 0.3 1 60 -718,262 -11,914 1,082 0 0 76,998
3000.0 1.0 0,993 60 0.7 -170 0,22 0,88 0.3 1 60 -714,787 -13,248 1,103 0 0 78,649
2000.0 1.0 0,993 50 0.7 -170 0,2 0,92 0.3 1 60 -733,35 -12,914 1,145 0 0 69,095
4000.0 1.0 0,992 50 0.7 -130 0,2 0,92 0.3 1 60 -729,476 -15,334 1,071 0 0 68,599
3000.0 1.0 0,993 60 0.7 -130 0,18 0,88 0.3 1 60 -693,765 -12,914 1,02 0 0 85,522
4000.0 1.0 0,993 60 0.7 -170 0,2 0,9 0.3 1 60 -678,242 -12,248 1,035 0 0 82,145
2000.0 1.0 0,993 60 0.7 -130 0,22 0,9 0.3 1 60 -657,302 -13,581 1,025 0 0 80,301
2000.0 1.0 0,993 50 0.7 -150 0,2 0,88 0.3 1 60 -673,831 -15,581 1,028 0 0 65,836
4000.0 1.0 0,993 60 0.7 -130 0,18 0,92 0.3 1 60 -647,318 -8,177 1,023 0 0 89,341
3000.0 1.0 0,992 60 0.7 -150 0,2 0,92 0.3 1 60 -686,255 -12,721 1,078 0 0 78,257
2000.0 1.0 0,993 50 0.7 -150 0,18 0,9 0.3 1 60 -655,011 -12,581 1,002 0 0 74,948
3000.0 1.0 0,993 50 0.7 -170 0,22 0,92 0.3 1 60 -703,748 -9,054 1,068 0 0 85,052
4000.0 1.0 0,993 60 0.7 -130 0,18 0,92 0.3 1 60 -631,689 -11,914 0,994 0 0 92,914
4000.0 1.0 0,993 60 0.7 -130 0,18 0,92 0.3 1 60 -661,659 -12,581 1,021 0 0 90,442
4000.0 1.0 0,993 60 0.7 -130 0,22 0,88 0.3 1 60 -693,217 -12,248 1,056 0 0 86,19
3000.0 1.0 0,993 60 0.7 -130 0,18 0,9 0.3 1 60 -657,18 -12,248 1,027 0 0 87,159
4000.0 1.0 0,993 50 0.7 -130 0,2 0,92 0.3 1 60 -675,655 -10,721 1,016 0 0 73,105
4000.0 1.0 0,993 60 0.7 -170 0,2 0,9 0.3 1 60 -668,857 -12,248 1,019 0 0 83,861
3000.0 1.0 0,993 50 0.7 -170 0,2 0,92 0.3 1 60 -729,675 -12,581 1,106 0 0 71,027
3000.0 1.0 0,992 60 0.7 -150 0,2 0,92 0.3 1 60 -1061,961 -186,379 1,046 4 2 77,712
2000.0 1.0 0,993 60 0.7 -130 0,2 0,92 0.3 1 60 -675,326 -12,248 1,049 0 0 79,061
4000.0 1.0 0,993 50 0.7 -130 0,2 0,92 0.3 1 60 -1678,056 -292,047 1,021 13 4 80,346
3000.0 1.0 0,992 60 0.7 -130 0,22 0,9 0.3 1 60 -719,804 -15,581 1,094 0 0 77,313
3000.0 1.0 0,993 60 0.7 -130 0,18 0,92 0.3 1 60 -715,837 -12,387 1,059 0 0 90,352
2000.0 1.0 0,993 50 0.7 -150 0,18 0,9 0.3 1 60 -703,604 -13,581 1,087 0 0 68,437
3000.0 1.0 0,992 50 0.7 -130 0,2 0,92 0.3 1 60 -652,348 -12,248 0,998 0 0 66,67
4000.0 1.0 0,993 60 0.7 -130 0,18 0,92 0.3 1 60 -658,369 -12,248 1,023 0 0 92,261
2000.0 1.0 0,993 60 0.7 -130 0,22 0,92 0.3 1 60 -679,945 -13,248 1,039 0 0 81,794
3000.0 1.0 0,993 60 0.7 -130 0,18 0,9 0.3 1 60 -700,563 -12,721 1,077 0 0 86,948
4000.0 1.0 0,993 60 0.7 -130 0,2 0,92 0.3 1 60 -672,06 -12,248 1,029 0 0 89,309
3000.0 1.0 0,992 50 0.7 -150 0,2 0,92 0.3 1 60 -693,513 -12,248 1,051 0 0 66,494
4000.0 1.0 0,993 60 0.7 -130 0,2 0,88 0.3 1 60 -657,362 -12,248 1,004 0 0 91,105
3000.0 1.0 0,993 50 0.7 -130 0,18 0,92 0.3 1 60 -1100,06 -196,661 1,035 5 2 75,793
3000.0 1.0 0,993 60 0.7 -130 0,2 0,88 0.3 1 60 -653,958 -13,581 1,008 0 0 87,26
4000.0 1.0 0,993 50 0.7 -170 0,2 0,92 0.3 1 60 -740,657 -12,054 1,118 0 0 75,654
4000.0 1.0 0,993 60 0.7 -130 0,22 0,9 0.3 1 60 -642,799 -12,721 0,991 0 0 89,974
2000.0 1.0 0,993 50 0.7 -150 0,18 0,92 0.3 1 60 -678,443 -9,177 1,043 0 0 65,884
2000.0 1.0 0,993 50 0.7 -150 0,2 0,88 0.3 1 60 -780,192 -14,248 1,169 0 0 67,421
3000.0 1.0 0,992 50 0.7 -170 0,2 0,92 0.3 1 60 -734,99 -12,914 1,1 0 0 66,786
4000.0 1.0 0,992 50 0.7 -130 0,2 0,92 0.3 1 60 -650,392 -12,581 0,995 0 0 68,04
2000.0 1.0 0,993 50 0.7 -170 0,2 0,92 0.3 1 60 -665,803 -12,581 1,03 0 0 68,875
2000.0 1.0 0,993 60 0.7 -130 0,18 0,92 0.3 1 60 -661,1 -12,248 1,03 0 0 81,665
3000.0 1.0 0,992 50 0.7 -130 0,2 0,92 0.3 1 60 -681,717 -14,914 1,04 0 0 68,801
2000.0 1.0 0,993 50 0.7 -130 0,22 0,9 0.3 1 60 -754,541 -12,248 1,147 0 0 69,288
4000.0 1.0 0,993 60 0.7 -130 0,18 0,9 0.3 1 60 -669,316 -13,581 1,022 0 0 91,723
2000.0 1.0 0,993 50 0.7 -130 0,22 0,9 0.3 1 60 -695,067 -9,387 1,071 0 0 64,729
4000.0 1.0 0,993 60 0.7 -130 0,18 0,9 0.3 1 60 -687,183 -12,248 1,047 0 0 87,127
4000.0 1.0 0,993 50 0.7 -130 0,18 0,92 0.3 1 60 -678,48 -13,581 1,04 0 0 77,679
4000.0 1.0 0,993 50 0.7 -130 0,18 0,92 0.3 1 60 -689,929 -12,248 1,062 0 0 76,088
3000.0 1.0 0,992 50 0.7 -130 0,2 0,92 0.3 1 60 -778,768 -47,28 1,075 2 0 65,486
2000.0 1.0 0,993 60 0.7 -130 0,2 0,92 0.3 1 60 -690,854 -12,248 1,065 0 0 81,583
3000.0 1.0 0,993 60 0.7 -170 0,2 0,9 0.3 1 60 -700,853 -12,248 1,049 0 0 87,997
3000.0 1.0 0,992 60 0.7 -130 0,18 0,88 0.3 1 60 -714,291 -12,248 1,075 0 0 73,861
4000.0 1.0 0,993 50 0.7 -130 0,2 0,92 0.3 1 60 -676,952 -8,581 1,007 0 0 79,16
2000.0 1.0 0,993 60 0.7 -130 0,22 0,88 0.3 1 60 -700,421 -23,812 1,024 1 0 76,143
3000.0 1.0 0,993 50 0.7 -150 0,18 0,92 0.3 1 60 -704,087 -15,248 1,07 0 0 72,386
4000.0 1.0 0,993 50 0.7 -130 0,2 0,92 0.3 1 60 -658,929 -12,581 1,014 0 0 76,633
3000.0 1.0 0,993 50 0.7 -170 0,22 0,88 0.3 1 60 -771,557 -25,052 1,116 1 0 66,653
3000.0 1.0 0,993 60 0.7 -170 0,2 0,9 0.3 1 60 -677,367 -13,248 1,049 0 0 83,114
2000.0 1.0 0,993 60 0.7 -150 0,22 0,9 0.3 1 60 -682,047 -13,581 1,046 0 0 79,366
2000.0 1.0 0,993 60 0.7 -130 0,18 0,92 0.3 1 60 -746,856 -15,914 1,141 0 0 89,914
3000.0 1.0 0,992 50 0.7 -170 0,22 0,92 0.3 1 60 -1317,924 -209,115 1,092 9 2 67,126
3000.0 1.0 0,992 50 0.7 -170 0,2 0,92 0.3 1 60 -733,654 -12,248 1,067 0 0 65,81
2000.0 1.0 0,993 50 0.7 -130 0,22 0,88 0.3 1 60 -707,002 -12,248 1,102 0 0 68,721
3000.0 1.0 0,993 60 0.7 -130 0,2 0,9 0.3 1 60 -647,526 -12,248 0,996 0 0 84,928
4000.0 1.0 0,993 60 0.7 -130 0,2 0,92 0.3 1 60 -613,57 -12,054 0,98 0 0 89,602
2000.0 1.0 0,992 50 0.7 -130 0,2 0,9 0.3 1 60 -705,721 -12,914 1,092 0 0 60,919
2000.0 1.0 0,993 50 0.7 -130 0,2 0,9 0.3 1 60 -711,207 -12,581 1,072 0 0 70,392
3000.0 1.0 0,992 50 0.7 -150 0,2 0,92 0.3 1 60 -647,386 -12,248 0,991 0 0 64,374
2000.0 1.0 0,993 60 0.7 -170 0,18 0,9 0.3 1 60 -703,276 -12,581 1,057 0 0 78,388
3000.0 1.0 0,993 50 0.7 -130 0,2 0,92 0.3 1 60 -737,328 -12,581 1,115 0 0 73,8
3000.0 1.0 0,993 60 0.7 -130 0,18 0,92 0.3 1 60 -708,33 -9,581 1,072 0 0 88,816
4000.0 1.0 0,993 50 0.7 -130 0,2 0,9 0.3 1 60 -655,935 -9,721 1,005 0 0 73,476
3000.0 1.0 0,993 50 0.7 -150 0,18 0,92 0.3 1 60 -680,882 -7,219 1,069 0 0 72,842
3000.0 1.0 0,992 50 0.7 -170 0,2 0,92 0.3 1 60 -870,924 -79,956 1,068 2 1 67,483
4000.0 1.0 0,993 50 0.7 -150 0,18 0,9 0.3 1 60 -642,652 -12,248 0,987 0 0 72,756
3000.0 1.0 0,992 50 0.7 -130 0,2 0,92 0.3 1 60 -1020,443 -104,054 1,066 4 1 66,883
2000.0 1.0 0,993 50 0.7 -130 0,22 0,88 0.3 1 60 -678,886 -12,248 1,066 0 0 64,825
2000.0 1.0 0,993 50 0.7 -130 0,2 0,88 0.3 1 60 -702,358 -14 1,059 0 0 68,991
4000.0 1.0 0,993 60 0.7 -170 0,2 0,9 0.3 1 60 -709,116 -12,248 1,092 0 0 93,837
3000.0 1.0 0,993 60 0.7 -130 0,22 0,9 0.3 1 60 -714,29 -12,248 1,086 0 0 86,061
2000.0 1.0 0,993 60 0.7 -130 0,2 0,92 0.3 1 60 -651,683 -12,721 1,014 0 0 76,323
2000.0 1.0 0,993 60 0.7 -130 0,18 0,92 0.3 1 60 -700,11 -7,661 1,064 0 0 81,445
3000.0 1.0 0,992 50 0.7 -130 0,2 0,92 0.3 1 60 -636,104 -8,581 0,975 0 0 65,661
2000.0 1.0 0,993 50 0.7 -130 0,22 0,88 0.3 1 60 -715,105 -12,914 1,098 0 0 66,63
2000.0 1.0 0,993 50 0.7 -170 0,2 0,92 0.3 1 60 -722,069 -12,581 1,107 0 0 70,165
4000.0 1.0 0,993 60 0.7 -130 0,18 0,9 0.3 1 60 -671,601 -12,248 1,028 0 0 88,313
3000.0 1.0 0,992 50 0.7 -130 0,2 0,9 0.3 1 60 -700,901 -12,581 1,077 0 0 65,545
3000.0 1.0 0,992 50 0.7 -130 0,2 0,92 0.3 1 60 -1598,752 -230,407 1,077 11 5 68,651
2000.0 1.0 0,993 60 0.7 -130 0,22 0,88 0.3 1 60 -690,863 -13,581 1,06 0 0 80,335
4000.0 1.0 0,993 60 0.7 -170 0,2 0,9 0.3 1 60 -727,238 -12,248 1,105 0 0 83,406
3000.0 1.0 0,993 60 0.7 -130 0,2 0,88 0.3 1 60 -662,096 -12,581 0,999 0 0 84,148
3000.0 1.0 0,992 50 0.7 -130 0,2 0,9 0.3 1 60 -667,686 -14,387 1,029 0 0 65,345
3000.0 1.0 0,993 60 0.7 -130 0,18 0,88 0.3 1 60 -720,592 -12,581 1,115 0 0 84,221
2000.0 1.0 0,993 60 0.7 -130 0,18 0,92 0.3 1 60 -645,95 -12,581 0,987 0 0 82,444
2000.0 1.0 0,993 50 0.7 -130 0,18 0,92 0.3 1 60 -703,901 -11,248 1,078 0 0 70,176
4000.0 1.0 0,993 50 0.7 -150 0,18 0,9 0.3 1 60 -693,503 -14,248 1,028 0 0 76,968
2000.0 1.0 0,993 50 0.7 -130 0,18 0,92 0.3 1 60 -687,055 -16,438 1,053 0 0 76,44