
2000.0 1.0 0,992 60 0.7 -140 0,2 0,87 0.4 1 60 -696,015 -12,581 1,057 0 0 69,78
2000.0 1.5 0,992 50 0.7 -180 0,2 0,91 0.4 1 60 -1211,505 -120,118 1,137 5 1 61,428
3000.0 1.5 0,992 70 0.7 -180 0,18 0,89 0.2 1 60 -728,772 -16,125 1,062 1 0 79,781
3000.0 1.0 0,992 70 0.7 -140 0,2 0,91 0.6 1 60 -761,065 -14,248 1,114 0 0 86,239
1000.0 0.5 0,992 60 0.7 -160 0,22 0,91 0.4 1 60 -723,139 -12,248 1,11 0 0 61,705
3000.0 0.5 0,992 70 0.7 -180 0,22 0,89 0.6 1 60 -716,535 -13,248 1,05 0 0 84,008
2000.0 0.5 0,992 60 0.7 -160 0,2 0,91 0.2 1 60 -733,593 -17,22 1,1 1 0 68,032
3000.0 1.0 0,992 70 0.7 -140 0,22 0,89 0.6 1 60 -676,903 -13,581 1,001 0 0 79,109
1000.0 0.5 0,992 70 0.7 -180 0,22 0,91 0.4 1 60 -758,159 -12,248 1,16 0 0 71,26
2000.0 1.5 0,992 50 0.7 -140 0,18 0,91 0.4 1 60 -758,641 -14 1,166 0 0 62,047
1000.0 1.0 0,992 60 0.7 -180 0,22 0,89 0.4 1 60 -776,438 -12,914 1,156 0 0 59,587
2000.0 1.5 0,992 50 0.7 -160 0,22 0,91 0.6 1 60 -1520,255 -297,869 1,127 6 2 57,503
2000.0 1.5 0,992 70 0.7 -160 0,22 0,87 0.6 1 60 -704,548 -12,248 1,079 0 0 75,717
2000.0 1.0 0,992 70 0.7 -180 0,18 0,89 0.6 1 60 -716,211 -12,248 1,08 0 0 74,425
2000.0 0.5 0,992 70 0.7 -160 0,18 0,89 0.6 1 60 -704,968 -14,581 1,068 0 0 74,065
2000.0 1.5 0,992 70 0.7 -180 0,22 0,87 0.4 1 60 -743,415 -9,844 1,128 0 0 74,767
3000.0 1.5 0,992 60 0.7 -180 0,18 0,87 0.6 1 60 -737,274 -14,248 1,139 0 0 67,655
2000.0 1.5 0,992 60 0.7 -140 0,2 0,91 0.2 1 60 -706,062 -13,914 1,068 0 0 69,691
3000.0 0.5 0,992 60 0.7 -160 0,18 0,89 0.2 1 60 -714,057 -13,248 1,111 0 0 71,248
2000.0 1.5 0,992 60 0.7 -180 0,18 0,87 0.6 1 60 -727,108 -12,914 1,113 0 0 61,781
3000.0 1.5 0,992 50 0.7 -180 0,2 0,91 0.6 1 60 -747,571 -10,387 1,121 0 0 60,362
3000.0 1.0 0,992 70 0.7 -160 0,18 0,87 0.6 1 60 -750,289 -12,581 1,13 0 0 78,467
2000.0 0.5 0,992 60 0.7 -160 0,22 0,87 0.6 1 60 -759,936 -47,909 1,047 1 0 62,574
3000.0 1.0 0,992 70 0.7 -140 0,18 0,89 0.2 1 60 -735,484 -16,794 1,065 1 0 84,421
1000.0 1.0 0,992 70 0.7 -160 0,22 0,91 0.2 1 60 -736,256 -10,248 1,115 0 0 67,961
3000.0 0.5 0,992 50 0.7 -140 0,2 0,87 0.4 1 60 -787,003 -36,308 1,079 1 0 63,049
2000.0 1.0 0,992 60 0.7 -140 0,2 0,87 0.6 1 60 -712,975 -12,914 1,084 0 0 64,368
2000.0 1.0 0,992 50 0.7 -160 0,18 0,87 0.2 1 60 -772,469 -19,992 1,126 1 0 59,959
3000.0 1.5 0,992 50 0.7 -180 0,18 0,91 0.6 1 60 -665,678 -12,248 1,035 0 0 61,302
3000.0 1.0 0,992 60 0.7 -160 0,2 0,87 0.4 1 60 -804,042 -30,894 1,158 1 0 70,509
3000.0 1.5 0,992 70 0.7 -140 0,2 0,89 0.6 1 60 -714,115 -7,516 1,088 0 0 80,413
1000.0 1.0 0,992 50 0.7 -140 0,2 0,89 0.4 1 60 -704,767 -12,581 1,076 0 0 53,536
1000.0 1.0 0,992 50 0.7 -160 0,18 0,89 0.2 1 60 -730,69 -13,248 1,096 0 0 53,769
1000.0 1.5 0,992 70 0.7 -160 0,18 0,89 0.6 1 60 -705,969 -12,581 1,103 0 0 64,096
2000.0 1.5 0,992 50 0.7 -140 0,2 0,89 0.4 1 60 -717,834 -13,581 1,096 0 0 60,097
1000.0 1.0 0,992 50 0.7 -140 0,18 0,91 0.2 1 60 -760,622 -12,248 1,164 0 0 54,176
2000.0 1.0 0,992 70 0.7 -180 0,18 0,87 0.4 1 60 -682,4 -7,248 1,031 0 0 74,86
1000.0 0.5 0,992 70 0.7 -140 0,22 0,91 0.2 1 60 -703,16 -11,914 1,071 0 0 69,173
1000.0 1.0 0,992 60 0.7 -160 0,18 0,89 0.6 1 60 -741,59 -12,914 1,111 0 0 58,847
1000.0 1.5 0,992 60 0.7 -180 0,22 0,87 0.2 1 60 -752,883 -18,482 1,04 2 0 57,832
1000.0 1.0 0,992 50 0.7 -140 0,18 0,91 0.4 1 60 -721,697 -12,914 1,098 0 0 55,738
2000.0 1.0 0,992 70 0.7 -160 0,22 0,87 0.4 1 60 -757,885 -36,153 1,084 1 0 77,972
3000.0 1.0 0,992 70 0.7 -160 0,22 0,91 0.2 1 60 -727,215 -12,248 1,084 0 0 82,998
2000.0 1.0 0,992 50 0.7 -160 0,18 0,89 0.2 1 60 -1177,903 -167,365 1,17 6 2 60,133
2000.0 1.5 0,992 70 0.7 -180 0,2 0,87 0.2 1 60 -690,854 -13,581 1,072 0 0 70,891
1000.0 1.5 0,992 50 0.7 -160 0,22 0,87 0.6 1 60 -730,281 -12,581 1,115 0 0 48,708
2000.0 0.5 0,992 60 0.7 -180 0,2 0,91 0.4 1 60 -742,109 -12,914 1,131 0 0 64,721
1000.0 1.5 0,992 60 0.7 -180 0,22 0,89 0.2 1 60 -800,455 -17,657 1,159 1 0 58,097
2000.0 0.5 0,992 60 0.7 -140 0,18 0,87 0.4 1 60 -752,872 -25,623 1,061 1 0 69,587
2000.0 0.5 0,992 50 0.7 -160 0,18 0,91 0.2 1 60 -771,567 -21,656 1,117 1 0 61,706
2000.0 1.5 0,992 60 0.7 -160 0,18 0,91 0.2 1 60 -755,135 -12,248 1,128 0 0 69,704
2000.0 0.5 0,992 60 0.7 -160 0,18 0,87 0.4 1 60 -736,751 -12,248 1,127 0 0 65,565
2000.0 1.5 0,992 60 0.7 -180 0,2 0,87 0.4 1 60 -682,127 -9,387 1,02 0 0 64,673
3000.0 1.0 0,992 70 0.7 -180 0,18 0,91 0.2 1 60 -624,671 -8,177 0,978 0 0 80,795
1000.0 1.0 0,992 70 0.7 -140 0,2 0,87 0.2 1 60 -719,649 -14,914 1,124 0 0 68,318
2000.0 1.0 0,992 60 0.7 -160 0,2 0,87 0.6 1 60 -704,38 -12,581 1,083 0 0 64,301




1000.0 1.0 0,992 50 0.7 -180 0,18 0,91 0.4 1 60 -722,517 -14,581 1,079 0 0 55,238
2000.0 1.0 0,992 60 0.7 -160 0,22 0,91 0.6 1 60 -724,771 -12,581 1,112 0 0 65,408
3000.0 1.0 0,992 60 0.7 -160 0,22 0,87 0.4 1 60 -713,373 -12,248 1,097 0 0 67,269
1000.0 1.0 0,992 50 0.7 -140 0,2 0,89 0.2 1 60 -728,519 -17,473 1,06 1 0 50,635
3000.0 1.0 0,992 70 0.7 -140 0,2 0,91 0.4 1 60 -665,671 -8,075 1,014 0 0 83,516
3000.0 1.0 0,992 70 0.7 -140 0,2 0,91 0.4 1 60 -671,716 -12,054 1,02 0 0 80,159
2000.0 1.0 0,992 70 0.7 -140 0,22 0,87 0.4 1 60 -693,2 -8,195 1,053 0 0 74,702
2000.0 1.0 0,992 70 0.7 -140 0,18 0,89 0.6 1 60 -665,774 -13,581 1,02 0 0 72,969
2000.0 1.0 0,992 60 0.7 -160 0,2 0,87 0.4 1 60 -678,698 -15,581 1,075 0 0 65,018
2000.0 1.0 0,992 60 0.7 -140 0,22 0,89 0.2 1 60 -655,45 -15,662 1,004 1 0 65,908
2000.0 1.0 0,992 50 0.7 -140 0,18 0,91 0.6 1 60 -678,695 -12,581 1,064 0 0 56,176
2000.0 1.0 0,992 50 0.7 -160 0,22 0,91 0.6 1 60 -783,657 -14,581 1,162 0 0 57,457
1000.0 1.0 0,992 70 0.7 -180 0,2 0,91 0.2 1 60 -720,569 -12,914 1,105 0 0 67,736
1000.0 1.0 0,992 70 0.7 -140 0,2 0,91 0.6 1 60 -682,35 -12,914 1,044 0 0 65,595
1000.0 1.0 0,992 70 0.7 -140 0,2 0,91 0.4 1 60 -731,909 -12,248 1,112 0 0 67,048
1000.0 1.0 0,992 50 0.7 -180 0,22 0,91 0.2 1 60 -799,317 -10,248 1,193 0 0 50,275
1000.0 1.0 0,992 50 0.7 -160 0,22 0,89 0.4 1 60 -736,952 -12,248 1,097 0 0 50,816
3000.0 1.0 0,992 70 0.7 -140 0,18 0,89 0.2 1 60 -664,04 -9,545 1,01 0 0 82,191
2000.0 1.0 0,992 60 0.7 -140 0,18 0,91 0.4 1 60 -707,287 -12,581 1,091 0 0 67,206
3000.0 1.0 0,992 70 0.7 -180 0,22 0,91 0.2 1 60 -709,577 -12,914 1,093 0 0 75,624
1000.0 1.0 0,992 50 0.7 -140 0,22 0,89 0.2 1 60 -789,803 -17,259 1,156 1 0 49,147
2000.0 1.0 0,992 50 0.7 -180 0,22 0,89 0.4 1 60 -794,691 -12,248 1,183 0 0 55,817
1000.0 1.0 0,992 50 0.7 -140 0,18 0,91 0.2 1 60 -782,332 -38,881 1,065 2 0 56,332
3000.0 1.0 0,992 50 0.7 -160 0,22 0,87 0.6 1 60 -736,814 -14,581 1,098 0 0 57,551
3000.0 1.0 0,992 60 0.7 -160 0,22 0,89 0.4 1 60 -641,439 -12,248 0,997 0 0 69,157
2000.0 1.0 0,992 50 0.7 -160 0,18 0,87 0.6 1 60 -773,815 -15,248 1,165 0 0 56,535
2000.0 1.0 0,992 70 0.7 -160 0,18 0,89 0.4 1 60 -710,883 -12,248 1,097 0 0 76,284
3000.0 1.0 0,992 70 0.7 -140 0,18 0,87 0.4 1 60 -722,635 -14,914 1,1 0 0 79,046
2000.0 1.0 0,992 70 0.7 -140 0,2 0,89 0.2 1 60 -756,169 -17,244 1,117 1 0 75,642
1000.0 1.0 0,992 70 0.7 -180 0,22 0,87 0.2 1 60 -830,899 -24,544 1,176 2 0 62,832
3000.0 1.0 0,992 70 0.7 -140 0,2 0,87 0.2 1 60 -724,714 -15,705 1,074 1 0 78,488
3000.0 1.0 0,992 70 0.7 -160 0,18 0,91 0.4 1 60 -695,727 -12,248 1,068 0 0 78,889
3000.0 1.0 0,992 70 0.7 -180 0,2 0,87 0.6 1 60 -675,705 -12,248 1,025 0 0 76,827
2000.0 1.0 0,992 60 0.7 -160 0,22 0,89 0.2 1 60 -679,547 -15,248 1,049 0 0 67,002
3000.0 1.0 0,992 50 0.7 -160 0,22 0,87 0.6 1 60 -736,546 -12,248 1,107 0 0 56,456
1000.0 1.0 0,992 60 0.7 -160 0,22 0,91 0.6 1 60 -743,643 -9,844 1,13 0 0 58,085
2000.0 1.0 0,992 60 0.7 -140 0,18 0,91 0.2 1 60 -692,016 -12,581 1,057 0 0 67,128
2000.0 1.0 0,992 50 0.7 -180 0,18 0,91 0.4 1 60 -708,815 -13,581 1,077 0 0 57,004
1000.0 1.0 0,992 70 0.7 -160 0,22 0,87 0.4 1 60 -608,307 -13,581 0,928 0 0 61,706
2000.0 1.0 0,992 70 0.7 -180 0,18 0,87 0.6 1 60 -696,511 -12,248 1,036 0 0 74,172
1000.0 1.0 0,992 70 0.7 -140 0,2 0,91 0.4 1 60 -745,907 -12,581 1,155 0 0 67,58
1000.0 1.0 0,992 60 0.7 -160 0,2 0,89 0.6 1 60 -698,977 -12,581 1,091 0 0 57,553
1000.0 1.0 0,992 70 0.7 -180 0,18 0,91 0.2 1 60 -808,876 -18,432 1,173 1 0 68,22
3000.0 1.0 0,992 50 0.7 -140 0,22 0,91 0.4 1 60 -740,971 -33,433 1,058 1 0 59,878
2000.0 1.0 0,992 70 0.7 -140 0,2 0,91 0.4 1 60 -686,475 -12,248 1,045 0 0 75,952
2000.0 1.0 0,992 60 0.7 -160 0,22 0,87 0.6 1 60 -689,458 -12,581 1,047 0 0 62,55
2000.0 1.0 0,992 70 0.7 -140 0,18 0,91 0.6 1 60 -723,293 -8,714 1,133 0 0 78,786
1000.0 1.0 0,992 50 0.7 -180 0,22 0,87 0.4 1 60 -734,884 -14,721 1,121 0 0 49,426
3000.0 1.0 0,992 50 0.7 -160 0,18 0,91 0.6 1 60 -727,721 -12,248 1,099 0 0 60,613
3000.0 1.0 0,992 50 0.7 -140 0,22 0,91 0.4 1 60 -690,749 -15,387 1,035 0 0 61,768
2000.0 1.0 0,992 50 0.7 -140 0,22 0,89 0.6 1 60 -763,633 -12,581 1,137 0 0 57,114
1000.0 1.0 0,992 60 0.7 -160 0,18 0,91 0.2 1 60 -701,561 -13,248 1,075 0 0 60,597
1000.0 1.0 0,992 50 0.7 -180 0,2 0,87 0.6 1 60 -729,585 -13,248 1,114 0 0 48,148
1000.0 1.0 0,992 60 0.7 -140 0,2 0,91 0.2 1 60 -699,78 -20,68 1,015 1 0 60,972
1000.0 1.0 0,992 50 0.7 -160 0,22 0,91 0.2 1 60 -764,962 -12,581 1,12 0 0 53,38
3000.0 1.0 0,992 60 0.7 -140 0,2 0,91 0.6 1 60 -651,452 -12,248 1,026 0 0 68,111
2000.0 1.0 0,992 70 0.7 -160 0,22 0,91 0.2 1 60 -759,782 -15,969 1,109 1 0 74,938
2000.0 1.0 0,992 60 0.7 -160 0,2 0,87 0.6 1 60 -747,775 -42,66 1,038 1 0 65,29
1000.0 1.0 0,992 50 0.7 -180 0,18 0,89 0.6 1 60 -713,467 -15,667 1,095 0 0 49,374
1000.0 1.0 0,992 70 0.7 -160 0,22 0,87 0.2 1 60 -753,714 -13,955 1,104 1 0 67,549
2000.0 1.0 0,992 70 0.7 -140 0,18 0,91 0.6 1 60 -648,969 -13,248 1,008 0 0 74,737
2000.0 1.0 0,992 50 0.7 -160 0,2 0,87 0.2 1 60 -813,36 -20,475 1,108 2 0 56,989
2000.0 1.0 0,992 50 0.7 -160 0,18 0,91 0.2 1 60 -725,879 -12,248 1,124 0 0 59,143
3000.0 1.0 0,992 70 0.7 -140 0,2 0,91 0.6 1 60 -707,664 -13,054 1,068 0 0 79,17
1000.0 1.0 0,992 70 0.7 -180 0,22 0,87 0.4 1 60 -744,765 -13,581 1,115 0 0 63,565
1000.0 1.0 0,992 70 0.7 -140 0,22 0,87 0.4 1 60 -691,922 -12,581 1,057 0 0 64,814
3000.0 1.0 0,992 60 0.7 -140 0,18 0,91 0.2 1 60 -731,573 -12,248 1,114 0 0 74,738
2000.0 1.0 0,992 50 0.7 -140 0,18 0,89 0.2 1 60 -706,91 -12,248 1,08 0 0 60,659
1000.0 1.0 0,992 50 0.7 -180 0,22 0,91 0.6 1 60 -771,082 -12,581 1,163 0 0 48,677
3000.0 1.0 0,992 50 0.7 -180 0,2 0,89 0.6 1 60 -1616,118 -329,314 1,123 6 2 67,4
3000.0 1.0 0,992 60 0.7 -140 0,18 0,89 0.4 1 60 -687,225 -10,387 1,058 0 0 69,097
2000.0 1.0 0,992 50 0.7 -160 0,22 0,89 0.6 1 60 -677,983 -12,248 1,021 0 0 52,675
3000.0 1.0 0,992 50 0.7 -140 0,22 0,91 0.4 1 60 -1659,773 -386,184 1,027 8 2 64,554
3000.0 1.0 0,992 50 0.7 -140 0,22 0,89 0.2 1 60 -685,513 -15,239 1,004 1 0 61,659
2000.0 1.0 0,992 60 0.7 -140 0,18 0,91 0.6 1 60 -704,918 -8,149 1,078 0 0 67,595
1000.0 1.0 0,992 50 0.7 -140 0,18 0,91 0.6 1 60 -692,066 -12,248 1,059 0 0 52,052
3000.0 1.0 0,992 70 0.7 -160 0,2 0,91 0.2 1 60 -631,775 -11,914 0,973 0 0 76,75
3000.0 1.0 0,992 70 0.7 -180 0,2 0,91 0.6 1 60 -670,928 -12,248 1,023 0 0 75,781
3000.0 1.0 0,992 50 0.7 -140 0,18 0,89 0.2 1 60 -682,507 -12,248 1,019 0 0 62,191
2000.0 1.0 0,992 60 0.7 -160 0,22 0,87 0.6 1 60 -763,423 -9,082 1,151 0 0 63,83
2000.0 1.0 0,992 60 0.7 -140 0,22 0,89 0.2 1 60 -682,528 -12,248 1,077 0 0 65,298
2000.0 1.0 0,992 60 0.7 -160 0,18 0,91 0.2 1 60 -689,621 -12,248 1,069 0 0 82,849
3000.0 1.0 0,992 60 0.7 -140 0,2 0,91 0.4 1 60 -718,541 -12,581 1,076 0 0 101,056
3000.0 1.0 0,992 50 0.7 -140 0,22 0,91 0.4 1 60 -757,315 -13,248 1,122 0 0 77,533
2000.0 1.0 0,992 50 0.7 -160 0,22 0,89 0.6 1 60 -728,93 -14,248 1,106 0 0 60,241
3000.0 1.0 0,992 60 0.7 -140 0,18 0,91 0.4 1 60 -675,917 -12,581 1,054 0 0 79,083
3000.0 1.0 0,992 60 0.7 -140 0,2 0,91 0.6 1 60 -681,952 -13,914 1,033 0 0 73,266
2000.0 1.0 0,992 70 0.7 -140 0,2 0,89 0.6 1 60 -662,438 -13,248 1,024 0 0 77,427
2000.0 1.0 0,992 50 0.7 -140 0,18 0,91 0.6 1 60 -706,337 -12,248 1,064 0 0 60,792
2000.0 1.0 0,992 70 0.7 -140 0,18 0,91 0.4 1 60 -675,46 -12,914 1,073 0 0 75,313
3000.0 1.0 0,992 70 0.7 -140 0,2 0,87 0.4 1 60 -653,238 -15,667 1,007 0 0 88,386
2000.0 1.0 0,992 70 0.7 -180 0,18 0,91 0.6 1 60 -694,884 -15,248 1,041 0 0 83,433
3000.0 1.0 0,992 70 0.7 -180 0,2 0,87 0.6 1 60 -712,357 -12,914 1,08 0 0 92,015
1000.0 1.0 0,992 70 0.7 -140 0,22 0,91 0.6 1 60 -752,526 -12,248 1,152 0 0 79,964
3000.0 1.0 0,992 60 0.7 -140 0,22 0,89 0.4 1 60 -744,431 -12,581 1,127 0 0 74,773
3000.0 1.0 0,992 50 0.7 -180 0,18 0,89 0.2 1 60 -798,77 -12,581 1,205 0 0 66,782
1000.0 1.0 0,992 60 0.7 -160 0,22 0,87 0.6 1 60 -744,577 -12,914 1,076 0 0 61,74
1000.0 1.0 0,992 70 0.7 -160 0,22 0,87 0.4 1 60 -690,052 -13,581 1,083 0 0 64,937
1000.0 1.0 0,992 50 0.7 -140 0,22 0,89 0.2 1 60 -692,656 -13,248 1,057 0 0 55,116
2000.0 1.0 0,992 60 0.7 -160 0,22 0,89 0.4 1 60 -674,101 -11,914 1,039 0 0 75,312
2000.0 1.0 0,992 60 0.7 -160 0,2 0,87 0.4 1 60 -687,719 -12,248 1,057 0 0 67,781
2000.0 1.0 0,992 60 0.7 -140 0,22 0,89 0.4 1 60 -727 -12,248 1,099 0 0 75,124
2000.0 1.0 0,992 70 0.7 -180 0,18 0,89 0.6 1 60 -728,822 -12,248 1,082 0 0 75,602
2000.0 1.0 0,992 50 0.7 -140 0,2 0,91 0.6 1 60 -701,267 -13,581 1,05 0 0 60,94
3000.0 1.0 0,992 70 0.7 -140 0,22 0,87 0.2 1 60 -692,36 -9,183 1,063 0 0 79,439
3000.0 1.0 0,992 70 0.7 -140 0,22 0,91 0.4 1 60 -686,94 -12,248 1,061 0 0 82,843
3000.0 1.0 0,992 60 0.7 -140 0,2 0,91 0.2 1 60 -700,955 -23,873 1,021 1 0 85,888
3000.0 1.0 0,992 60 0.7 -140 0,18 0,91 0.4 1 60 -660,306 -12,914 1,034 0 0 101,072
2000.0 1.0 0,992 60 0.7 -160 0,18 0,87 0.2 1 60 -752,62 -22,103 1,088 1 0 95,093
2000.0 1.0 0,992 70 0.7 -160 0,2 0,87 0.4 1 60 -728,505 -14,581 1,108 0 0 102,616
2000.0 1.0 0,992 50 0.7 -140 0,22 0,89 0.6 1 60 -745,378 -12,914 1,096 0 0 81,678
1000.0 1.0 0,992 70 0.7 -140 0,22 0,91 0.6 1 60 -743,897 -12,581 1,137 0 0 84,194
2000.0 1.0 0,992 70 0.7 -180 0,18 0,91 0.6 1 60 -732,811 -12,914 1,115 0 0 91,371
3000.0 1.0 0,992 70 0.7 -160 0,2 0,89 0.6 1 60 -658,482 -13,248 1,038 0 0 85,492
2000.0 1.0 0,992 50 0.7 -140 0,22 0,91 0.6 1 60 -717,854 -12,248 1,098 0 0 66,641
3000.0 1.0 0,992 70 0.7 -160 0,2 0,89 0.6 1 60 -707,117 -14,248 1,076 0 0 88,482
3000.0 1.0 0,992 50 0.7 -180 0,2 0,91 0.2 1 60 -814,18 -13,914 1,211 0 0 75,629
3000.0 1.0 0,992 50 0.7 -180 0,2 0,91 0.2 1 60 -742,354 -12,581 1,125 0 0 73,393
3000.0 1.0 0,992 60 0.7 -140 0,22 0,89 0.4 1 60 -715,669 -12,248 1,109 0 0 78,464
3000.0 1.0 0,992 70 0.7 -180 0,2 0,91 0.6 1 60 -2725,86 -706,213 1,156 10 9 97,803
3000.0 1.0 0,992 50 0.7 -180 0,18 0,89 0.2 1 60 -800,818 -15,991 1,181 1 0 82,328
3000.0 1.0 0,992 60 0.7 -140 0,2 0,91 0.6 1 60 -721,713 -12,581 1,106 0 0 95,204
3000.0 1.0 0,992 70 0.7 -160 0,2 0,91 0.2 1 60 -756,555 -13,581 1,148 0 0 107,339
3000.0 1.0 0,992 50 0.7 -160 0,22 0,91 0.4 1 60 -807,452 -67,351 1,028 1 1 81,638
2000.0 1.0 0,992 60 0.7 -160 0,22 0,89 0.4 1 60 -685,258 -14 1,062 0 0 79,175
3000.0 1.0 0,992 70 0.7 -180 0,2 0,87 0.6 1 60 -702,16 -12,581 1,078 0 0 88,227
2000.0 1.0 0,992 60 0.7 -160 0,2 0,87 0.4 1 60 -739,091 -12,914 1,098 0 0 70,533
1000.0 1.0 0,992 70 0.7 -160 0,2 0,89 0.4 1 60 -747,661 -12,248 1,114 0 0 70,281
2000.0 1.0 0,992 50 0.7 -160 0,22 0,89 0.4 1 60 -692,672 -12,581 1,065 0 0 55,635
2000.0 1.0 0,992 60 0.7 -140 0,2 0,91 0.4 1 60 -671,448 -12,581 1,038 0 0 68,927
2000.0 1.0 0,992 70 0.7 -140 0,18 0,89 0.4 1 60 -655,517 -13,581 1,019 0 0 75,343
2000.0 1.0 0,992 70 0.7 -140 0,22 0,89 0.4 1 60 -628,602 -10,801 0,982 0 0 72,854
2000.0 1.0 0,992 70 0.7 -160 0,2 0,89 0.2 1 60 -725,564 -15,248 1,077 0 0 74,709
3000.0 1.0 0,992 50 0.7 -140 0,2 0,89 0.2 1 60 -780,297 -19,486 1,134 1 0 63,81
2000.0 1.0 0,992 60 0.7 -140 0,2 0,89 0.4 1 60 -734,004 -15,581 1,115 0 0 67,106
2000.0 1.0 0,992 70 0.7 -160 0,18 0,89 0.4 1 60 -687,907 -12,581 1,053 0 0 72,59
3000.0 1.0 0,992 70 0.7 -160 0,2 0,91 0.6 1 60 -654,174 -12,581 0,982 0 0 92,503
2000.0 1.0 0,992 70 0.7 -140 0,18 0,87 0.4 1 60 -736,793 -33,287 1,05 1 0 97,419
1000.0 1.0 0,992 50 0.7 -140 0,2 0,91 0.2 1 60 -664,916 -12,581 1,016 0 0 59,897
3000.0 1.0 0,992 50 0.7 -180 0,18 0,89 0.2 1 60 -829,653 -16,756 1,178 1 0 72,238
3000.0 1.0 0,992 60 0.7 -160 0,2 0,89 0.2 1 60 -755,654 -12,581 1,156 0 0 83,687
3000.0 1.0 0,992 60 0.7 -140 0,18 0,89 0.6 1 60 -784,103 -42,427 1,095 1 0 83,156
2000.0 1.0 0,992 60 0.7 -180 0,18 0,91 0.6 1 60 -1711,861 -217,632 1,001 8 3 78,486
3000.0 1.0 0,992 50 0.7 -160 0,22 0,89 0.2 1 60 -742,601 -17,859 1,083 1 0 80,228
3000.0 1.0 0,992 50 0.7 -160 0,2 0,89 0.2 1 60 -688,441 -12,581 1,053 0 0 81,296
1000.0 1.0 0,992 70 0.7 -180 0,22 0,89 0.4 1 60 -895,696 -30,985 1,205 2 0 72,94
1000.0 1.0 0,992 70 0.7 -160 0,2 0,91 0.4 1 60 -718,476 -12,914 1,119 0 0 70,93
1000.0 1.0 0,992 60 0.7 -160 0,22 0,89 0.4 1 60 -759,029 -13,248 1,164 0 0 60,202
3000.0 1.0 0,992 50 0.7 -160 0,22 0,89 0.2 1 60 -718,38 -12,914 1,068 0 0 65,331
1000.0 1.0 0,992 70 0.7 -140 0,18 0,87 0.4 1 60 -752,359 -12,248 1,124 0 0 73,605
2000.0 1.0 0,992 70 0.7 -180 0,2 0,91 0.6 1 60 -681,602 -12,248 1,061 0 0 78,091
3000.0 1.0 0,992 60 0.7 -140 0,2 0,91 0.6 1 60 -671,169 -12,248 1,045 0 0 73,139
2000.0 1.0 0,992 60 0.7 -160 0,2 0,91 0.4 1 60 -1126,193 -201,606 1,108 5 1 70,649
1000.0 1.0 0,992 70 0.7 -140 0,18 0,87 0.4 1 60 -724,072 -12,581 1,134 0 0 73,535
2000.0 1.0 0,992 60 0.7 -160 0,2 0,91 0.4 1 60 -701,934 -13,581 1,057 0 0 70,495
3000.0 1.0 0,992 50 0.7 -160 0,2 0,89 0.2 1 60 -694,762 -12,248 1,046 0 0 65,24
1000.0 1.0 0,992 70 0.7 -180 0,22 0,89 0.4 1 60 -781,942 -37,295 1,081 1 0 68,42
3000.0 1.0 0,992 50 0.7 -180 0,18 0,89 0.2 1 60 -735,311 -17,152 1,099 1 0 66,065
3000.0 1.0 0,992 50 0.7 -160 0,2 0,91 0.2 1 60 -766,049 -24,919 1,126 1 0 66,75
3000.0 1.0 0,992 60 0.7 -140 0,22 0,89 0.4 1 60 -689,902 -11,581 1,054 0 0 76,09
3000.0 1.0 0,992 60 0.7 -140 0,18 0,91 0.4 1 60 -804,635 -15,581 1,201 0 0 79,675
3000.0 1.0 0,992 50 0.7 -160 0,22 0,89 0.2 1 60 -734,503 -19,116 1,078 1 0 64,205
3000.0 1.0 0,992 60 0.7 -160 0,22 0,89 0.2 1 60 -730,247 -16,327 1,08 1 0 70,859
1000.0 1.0 0,992 70 0.7 -180 0,22 0,89 0.4 1 60 -719,718 -12,581 1,084 0 0 67,605
1000.0 1.0 0,992 50 0.7 -140 0,2 0,91 0.2 1 60 -773,032 -30,542 1,048 3 0 55,335
3000.0 1.0 0,992 60 0.7 -180 0,2 0,91 0.4 1 60 -700,133 -12,581 1,049 0 0 74,257
3000.0 1.0 0,992 60 0.7 -160 0,2 0,91 0.6 1 60 -674,377 -9,115 1,017 0 0 80,975
3000.0 1.0 0,992 50 0.7 -160 0,22 0,89 0.2 1 60 -811,901 -19,665 1,114 2 0 67,221
1000.0 1.0 0,992 60 0.7 -140 0,18 0,87 0.4 1 60 -739,719 -12,914 1,111 0 0 66,018
2000.0 1.0 0,992 50 0.7 -160 0,2 0,91 0.2 1 60 -703,114 -12,914 1,101 0 0 61,515
1000.0 1.0 0,992 50 0.7 -140 0,22 0,89 0.6 1 60 -751,213 -12,914 1,169 0 0 55,201
1000.0 1.0 0,992 50 0.7 -160 0,18 0,89 0.2 1 60 -742,618 -11,975 1,149 0 0 53,73
3000.0 1.0 0,992 50 0.7 -160 0,2 0,89 0.2 1 60 -753,822 -19,695 1,07 2 0 63,645
3000.0 1.0 0,992 60 0.7 -180 0,22 0,87 0.4 1 60 -736,682 -13,248 1,106 0 0 72,166
1000.0 1.0 0,992 50 0.7 -180 0,18 0,91 0.6 1 60 -701,776 -12,914 1,054 0 0 55,3
3000.0 1.0 0,992 60 0.7 -180 0,22 0,87 0.4 1 60 -743,524 -26,97 1,048 1 0 75,58
3000.0 1.0 0,992 60 0.7 -160 0,2 0,87 0.6 1 60 -684,384 -12,248 1,064 0 0 74,475
1000.0 1.0 0,992 70 0.7 -140 0,22 0,91 0.2 1 60 -705,523 -12,248 1,049 0 0 71,47
1000.0 1.0 0,992 50 0.7 -180 0,18 0,91 0.6 1 60 -1112,269 -132,866 1,158 3 1 53,224
2000.0 1.0 0,992 50 0.7 -180 0,18 0,91 0.6 1 60 -737,116 -15,248 1,115 0 0 60,71
3000.0 1.0 0,992 50 0.7 -160 0,22 0,91 0.2 1 60 -701,231 -12,248 1,074 0 0 62,543
3000.0 1.0 0,992 60 0.7 -160 0,2 0,87 0.6 1 60 -717,248 -12,914 1,112 0 0 73,905
1000.0 1.0 0,992 50 0.7 -160 0,22 0,89 0.4 1 60 -836,128 -27,929 1,198 1 0 53,189
1000.0 1.0 0,992 50 0.7 -160 0,22 0,89 0.4 1 60 -804,397 -8,054 1,224 0 0 54,806
3000.0 1.0 0,992 60 0.7 -140 0,18 0,91 0.6 1 60 -651,553 -12,721 0,996 0 0 76,78
2000.0 1.0 0,992 60 0.7 -140 0,18 0,87 0.4 1 60 -731,86 -12,581 1,132 0 0 71,606
2000.0 1.0 0,992 60 0.7 -180 0,2 0,91 0.6 1 60 -704,393 -12,581 1,081 0 0 65,81
1000.0 1.0 0,992 50 0.7 -160 0,22 0,89 0.4 1 60 -710,428 -16,248 1,111 0 0 52,686
3000.0 1.0 0,992 70 0.7 -160 0,2 0,91 0.6 1 60 -666,342 -13,581 1,053 0 0 84,053
3000.0 1.0 0,992 60 0.7 -140 0,22 0,89 0.4 1 60 -684,215 -8,162 1,05 0 0 76,204
1000.0 1.0 0,992 70 0.7 -160 0,2 0,91 0.6 1 60 -697,008 -13,914 1,09 0 0 67,705
3000.0 1.0 0,992 50 0.7 -180 0,18 0,91 0.2 1 60 -816,502 -17,434 1,167 1 0 66,598