2500.0 1.0 0,99 50 0.7 -110 0,2 0,94 0.3 1 60 -255,816 -6,268 0,633 0 0 43,236
2500.0 1.0 0,99 50 0.7 -50 0,16 0,92 0.3 1 60 -245,708 -8,353 0,617 0 0 35,755
5000.0 1.0 0,99 30 0.7 -150 0,16 0,9 0.3 1 60 -294,342 -6,581 0,684 0 0 23,1
1000.0 1.0 0,99 30 0.7 -150 0,14 0,94 0.3 1 60 -421,943 -54,521 0,749 1 1 21,086
1000.0 1.0 0,99 30 0.7 -110 0,14 0,9 0.3 1 60 -795,607 -205,95 0,719 6 5 21,941
1000.0 1.0 0,99 50 0.7 -110 0,16 0,92 0.3 1 60 -303,48 -5,799 0,724 0 0 28,505
1000.0 1.0 0,99 50 0.7 -50 0,16 0,9 0.3 1 60 -265,68 -6,505 0,658 0 0 32,756
1000.0 1.0 0,99 30 0.7 -110 0,18 0,94 0.3 1 60 -1574,954 -300,259 0,765 14 7 24,67
5000.0 1.0 0,99 30 0.7 -110 0,2 0,92 0.3 1 60 -303,65 -5,763 0,724 0 0 26,911
2500.0 1.0 0,99 30 0.7 -50 0,2 0,92 0.3 1 60 -1717,57 -265,551 0,668 18 6 26,331
1000.0 1.0 0,99 30 0.7 -150 0,18 0,9 0.3 1 60 -360,173 -7,858 0,823 0 0 26,075
5000.0 1.0 0,99 30 0.7 -70 0,16 0,92 0.3 1 60 -1375,779 -251,389 0,749 11 8 27,098
1000.0 1.0 0,99 30 0.7 -70 0,2 0,92 0.3 1 60 -666,982 -177,433 0,759 4 2 21,595
1000.0 1.0 0,99 50 0.7 -50 0,14 0,92 0.3 1 60 -668,72 -124 0,709 5 2 31,638
2500.0 1.0 0,99 50 0.7 -150 0,2 0,9 0.3 1 60 -296,564 -8,891 0,718 0 0 30,802
5000.0 1.0 0,99 30 0.7 -50 0,2 0,92 0.3 1 60 -2618,344 -530,351 0,734 23 15 27,804
5000.0 1.0 0,99 50 0.7 -110 0,2 0,94 0.3 1 60 -322,781 -5,954 0,758 0 0 41,431
1000.0 1.0 0,99 30 0.7 -70 0,2 0,92 0.3 1 60 -273,56 -5,243 0,662 0 0 20,274
5000.0 1.0 0,99 50 0.7 -70 0,2 0,94 0.3 1 60 -267,734 -6,541 0,645 0 0 39,392
5000.0 1.0 0,99 30 0.7 -150 0,16 0,92 0.3 1 60 -372,755 -7,681 0,855 0 0 26,368
1000.0 1.0 0,99 50 0.7 -150 0,16 0,94 0.3 1 60 -287,25 -6,79 0,679 0 0 33,502
1000.0 1.0 0,99 50 0.7 -110 0,16 0,9 0.3 1 60 -312,169 -7,357 0,75 0 0 28,474
5000.0 1.0 0,99 50 0.7 -50 0,16 0,9 0.3 1 60 -252,828 -6,068 0,637 0 0 37,092
5000.0 1.0 0,99 30 0.7 -70 0,18 0,92 0.3 1 60 -1052,328 -263,052 0,708 7 5 33,354
2500.0 1.0 0,99 50 0.7 -70 0,2 0,94 0.3 1 60 -211,654 -4,228 0,555 0 0 38,874
2500.0 1.0 0,99 30 0.7 -70 0,18 0,92 0.3 1 60 -317,25 -6,762 0,764 0 0 28,94
2500.0 1.0 0,99 50 0.7 -70 0,16 0,9 0.3 1 60 -284,445 -5,613 0,674 0 0 38,198
1000.0 1.0 0,99 30 0.7 -110 0,14 0,94 0.3 1 60 -286,681 -5,898 0,698 0 0 29,367
2500.0 1.0 0,99 30 0.7 -110 0,2 0,94 0.3 1 60 -311,273 -5,605 0,751 0 0 26,168
1000.0 1.0 0,99 50 0.7 -110 0,2 0,92 0.3 1 60 -290,841 -6,529 0,719 0 0 30,294
2500.0 1.0 0,99 50 0.7 -70 0,2 0,9 0.3 1 60 -293,203 -6,687 0,691 0 0 36,177
5000.0 1.0 0,99 30 0.7 -110 0,16 0,94 0.3 1 60 -504,252 -93,927 0,747 2 1 25,652
5000.0 1.0 0,99 30 0.7 -110 0,2 0,92 0.3 1 60 -299,323 -7,445 0,735 0 0 23,839
1000.0 1.0 0,99 50 0.7 -50 0,2 0,9 0.3 1 60 -249,205 -6,084 0,622 0 0 30,28
5000.0 1.0 0,99 50 0.7 -50 0,16 0,9 0.3 1 60 -253,275 -6,243 0,635 0 0 37,263
2500.0 1.0 0,99 50 0.7 -70 0,2 0,94 0.3 1 60 -297,634 -25,386 0,64 1 0 32,192
1000.0 1.0 0,99 30 0.7 -110 0,14 0,94 0.3 1 60 -706,914 -204,067 0,71 5 3 21,512
2500.0 1.0 0,99 50 0.7 -150 0,2 0,9 0.3 1 60 -323,372 -26,251 0,673 1 0 29,41
1000.0 1.0 0,99 50 0.7 -110 0,16 0,92 0.3 1 60 -334,071 -7,13 0,786 0 0 33,966
1000.0 1.0 0,99 30 0.7 -70 0,2 0,92 0.3 1 60 -1536,969 -378,116 0,692 14 8 29,452
2500.0 1.0 0,99 50 0.7 -110 0,16 0,9 0.3 1 60 -267,496 -6,78 0,646 0 0 34,042
5000.0 1.0 0,99 50 0.7 -150 0,16 0,9 0.3 1 60 -324,026 -7,032 0,753 0 0 35,999
1000.0 1.0 0,99 50 0.7 -150 0,16 0,94 0.3 1 60 -305,07 -6,024 0,721 0 0 31,114
2500.0 1.0 0,99 50 0.7 -110 0,2 0,94 0.3 1 60 -230,769 -6,91 0,604 0 0 35,503
2500.0 1.0 0,99 30 0.7 -110 0,2 0,92 0.3 1 60 -322,372 -6,749 0,723 0 0 24,914
1000.0 1.0 0,99 50 0.7 -50 0,16 0,9 0.3 1 60 -281,369 -7,699 0,687 0 0 33,536
5000.0 1.0 0,99 50 0.7 -70 0,2 0,94 0.3 1 60 -521,961 -139,063 0,633 5 1 37,965
2500.0 1.0 0,99 50 0.7 -50 0,16 0,92 0.3 1 60 -429,274 -68,991 0,623 3 1 34,156
5000.0 1.0 0,99 30 0.7 -150 0,16 0,9 0.3 1 60 -314,916 -8,225 0,764 0 0 22,818
1000.0 1.0 0,99 50 0.7 -110 0,16 0,9 0.3 1 60 -316,624 -6,901 0,748 0 0 34,273
1000.0 1.0 0,99 50 0.7 -50 0,2 0,9 0.3 1 60 -259,727 -5,91 0,634 0 0 31,114
5000.0 1.0 0,99 50 0.7 -150 0,16 0,9 0.3 1 60 -317,149 -7,848 0,734 0 0 34,938
1000.0 1.0 0,99 50 0.7 -110 0,16 0,9 0.3 1 60 -312,822 -7,427 0,748 0 0 29,985
2500.0 1.0 0,99 50 0.7 -110 0,16 0,94 0.3 1 60 -264,901 -6,355 0,639 0 0 36,881
2500.0 1.0 0,99 50 0.7 -150 0,2 0,94 0.3 1 60 -297,888 -5,91 0,697 0 0 35,016
1000.0 1.0 0,99 50 0.7 -70 0,2 0,92 0.3 1 60 -271,94 -6,401 0,66 0 0 32,965
5000.0 1.0 0,99 50 0.7 -110 0,16 0,9 0.3 1 60 -311,281 -7,378 0,734 0 0 42,654
1000.0 1.0 0,99 30 0.7 -70 0,14 0,94 0.3 1 60 -1850,044 -248,275 0,867 21 8 24,85
1000.0 1.0 0,99 50 0.7 -50 0,2 0,9 0.3 1 60 -251,608 -5,774 0,645 0 0 29,973
5000.0 1.0 0,99 50 0.7 -50 0,16 0,9 0.3 1 60 -299,309 -8,643 0,743 0 0 38,32
5000.0 1.0 0,99 50 0.7 -70 0,2 0,94 0.3 1 60 -291,102 -6,045 0,701 0 0 41,292
2500.0 1.0 0,99 50 0.7 -110 0,16 0,94 0.3 1 60 -262,943 -6,015 0,634 0 0 34,492
1000.0 1.0 0,99 50 0.7 -70 0,16 0,9 0.3 1 60 -266,6 -6,248 0,663 0 0 31,647
2500.0 1.0 0,99 50 0.7 -70 0,2 0,94 0.3 1 60 -255,49 -10,353 0,637 0 0 35,305
2500.0 1.0 0,99 50 0.7 -110 0,16 0,94 0.3 1 60 -272,309 -5,69 0,687 0 0 34,738
1000.0 1.0 0,99 50 0.7 -150 0,16 0,94 0.3 1 60 -324,707 -7,759 0,767 0 0 29,495
2500.0 1.0 0,99 50 0.7 -110 0,2 0,94 0.3 1 60 -294,27 -7,53 0,711 0 0 31,316
1000.0 1.0 0,99 30 0.7 -70 0,2 0,92 0.3 1 60 -406,09 -49,396 0,754 1 1 22,113
2500.0 1.0 0,99 30 0.7 -50 0,16 0,92 0.3 1 60 -1499,837 -267,146 0,782 16 6 25,488
5000.0 1.0 0,99 30 0.7 -150 0,16 0,9 0.3 1 60 -361,932 -7,265 0,828 0 0 23,334
2500.0 1.0 0,99 50 0.7 -110 0,2 0,94 0.3 1 60 -272,497 -5,807 0,675 0 0 36,405
1000.0 1.0 0,99 50 0.7 -70 0,16 0,9 0.3 1 60 -295,155 -5,681 0,715 0 0 31,797
5000.0 1.0 0,993 60 0.7 -150 0,18 0,9 0.3 1 60 -419,239 -7,589 0,811 0 0 67,166
5000.0 1.0 0,993 60 0.7 -150 0,18 0,9 0.3 1 60 -444,274 -7,729 0,861 0 0 77,702
5000.0 1.0 0,993 60 0.7 -150 0,18 0,9 0.3 1 60 -388,108 -6,178 0,76 0 0 68,202
5000.0 1.0 0,993 60 0.7 -150 0,18 0,9 0.3 1 60 -452,471 -7,798 0,85 0 0 69,373
5000.0 1.0 0,993 60 0.7 -150 0,18 0,9 0.3 1 60 -437,206 -7,223 0,831 0 0 64,954
5000.0 1.0 0,991 40 0.7 -150 0,18 0,9 0.3 1 60 -470,239 -7,938 0,885 0 0 44,25
5000.0 1.0 0,95 20 0.7 -150 0,18 0,9 0.3 1 60 -4553,841 -326,405 1,274 49 20 16,804
5000.0 1.0 0,95 20 0.7 -150 0,18 0,9 0.3 1 60 -9501,575 -301,489 1,374 101 47 12,657
5000.0 1.0 0,991 50 0.7 -150 0,18 0,9 0.3 1 60 -644,636 -8,721 0,996 0 0 67,295
5000.0 1.0 0,99 40 0.7 -150 0,18 0,9 0.3 1 60 -814,205 -13,248 1,208 0 0 54,963
5000.0 1.0 0,98 30 0.7 -150 0,18 0,9 0.3 1 60 -2286,114 -337,977 1,34 16 9 43,481
5000.0 1.0 0,98 30 0.7 -150 0,18 0,9 0.3 1 60 -3451,929 -229,296 1,233 27 18 33,045