
2000.0 1.0 0,992 65 0.7 -160 0,22 0,87 0.3 1 60 -689,203 -12,248 1,065 0 0 81,036
2000.0 1.0 0,992 55 0.7 -180 0,22 0,87 0.3 1 60 -731,683 -12,581 1,102 0 0 66,744
2000.0 1.0 0,992 65 0.7 -180 0,22 0,91 0.3 1 60 -676,492 -12,581 1,054 0 0 77,575
2000.0 1.0 0,992 65 0.7 -140 0,2 0,91 0.3 1 60 -683,075 -12,914 1,051 0 0 79,231
2000.0 1.0 0,992 65 0.7 -140 0,18 0,87 0.3 1 60 -720,139 -12,581 1,106 0 0 77,676
3000.0 1.0 0,992 65 0.7 -140 0,18 0,91 0.3 1 60 -610,389 -13,581 0,945 0 0 81,444
3000.0 1.0 0,992 65 0.7 -180 0,2 0,89 0.3 1 60 -731,612 -12,248 1,124 0 0 83,437
2000.0 1.0 0,992 65 0.7 -140 0,18 0,91 0.3 1 60 -670,101 -12,248 1,05 0 0 92,789
2000.0 1.0 0,992 65 0.7 -140 0,22 0,91 0.3 1 60 -725,919 -13,248 1,124 0 0 107,788
2000.0 1.0 0,992 55 0.7 -140 0,18 0,87 0.3 1 60 -681,166 -12,581 1,022 0 0 76,862
3000.0 1.0 0,992 55 0.7 -180 0,22 0,89 0.3 1 60 -848,446 -18,649 1,189 1 0 92,715
3000.0 1.0 0,992 55 0.7 -180 0,18 0,89 0.3 1 60 -762,833 -21,994 1,072 2 0 72,68
3000.0 1.0 0,992 55 0.7 -180 0,2 0,89 0.3 1 60 -810,063 -21,117 1,181 1 0 70,075
3000.0 1.0 0,992 65 0.7 -160 0,18 0,91 0.3 1 60 -682,198 -12,248 1,051 0 0 89,701
3000.0 1.0 0,992 65 0.7 -160 0,2 0,89 0.3 1 60 -728,057 -12,248 1,125 0 0 101,379
3000.0 1.0 0,992 55 0.7 -180 0,22 0,87 0.3 1 60 -757,508 -13,248 1,163 0 0 77,53
2000.0 1.0 0,992 55 0.7 -160 0,2 0,91 0.3 1 60 -752,834 -12,248 1,153 0 0 70,494
2000.0 1.0 0,992 55 0.7 -140 0,2 0,91 0.3 1 60 -976,595 -95,767 0,989 6 0 84,935
3000.0 1.0 0,992 55 0.7 -160 0,22 0,89 0.3 1 60 -722,812 -15,248 1,108 0 0 74,64
3000.0 1.0 0,992 55 0.7 -140 0,18 0,87 0.3 1 60 -677,727 -14,248 1,035 0 0 77,956
3000.0 1.0 0,992 55 0.7 -160 0,2 0,87 0.3 1 60 -708,873 -12,248 1,082 0 0 70,952
2000.0 1.0 0,992 65 0.7 -180 0,2 0,87 0.3 1 60 -664,204 -7,691 1,008 0 0 90,346
2000.0 1.0 0,992 55 0.7 -140 0,2 0,87 0.3 1 60 -732,115 -14,581 1,124 0 0 73,819
3000.0 1.0 0,992 55 0.7 -180 0,22 0,91 0.3 1 60 -687,505 -14,581 1,052 0 0 69,869
3000.0 1.0 0,992 55 0.7 -160 0,22 0,89 0.3 1 60 -703,648 -7,914 1,073 0 0 86,186
2000.0 1.0 0,992 65 0.7 -160 0,22 0,91 0.3 1 60 -716,314 -11,914 1,103 0 0 99,103
3000.0 1.0 0,992 65 0.7 -140 0,2 0,89 0.3 1 60 -628,071 -7,37 0,992 0 0 82,985
3000.0 1.0 0,992 55 0.7 -160 0,18 0,91 0.3 1 60 -640,997 -12,248 0,968 0 0 75,318
2000.0 1.0 0,992 55 0.7 -140 0,18 0,91 0.3 1 60 -676,982 -13,248 1,05 0 0 78,708
3000.0 1.0 0,992 65 0.7 -140 0,2 0,89 0.3 1 60 -647,894 -12,248 1,018 0 0 86,177
3000.0 1.0 0,992 55 0.7 -140 0,2 0,87 0.3 1 60 -702,917 -12,581 1,109 0 0 69,661
2000.0 1.0 0,992 65 0.7 -180 0,22 0,87 0.3 1 60 -742,418 -22,237 1,061 1 0 72,917
3000.0 1.0 0,992 65 0.7 -160 0,18 0,91 0.3 1 60 -631,07 -12,248 0,98 0 0 82,405
3000.0 1.0 0,992 65 0.7 -180 0,22 0,87 0.3 1 60 -732,806 -15,248 1,107 0 0 86,287
2000.0 1.0 0,992 55 0.7 -140 0,18 0,87 0.3 1 60 -920,086 -57,624 1,114 3 1 72,288
2000.0 1.0 0,992 65 0.7 -140 0,2 0,91 0.3 1 60 -591,6 -8,975 0,939 0 0 85,714
3000.0 1.0 0,992 65 0.7 -140 0,2 0,89 0.3 1 60 -644,75 -11,914 1,003 0 0 85,186
3000.0 1.0 0,992 65 0.7 -160 0,18 0,91 0.3 1 60 -681,954 -12,248 1,045 0 0 89,592
3000.0 1.0 0,992 55 0.7 -140 0,18 0,87 0.3 1 60 -811,372 -24,016 1,153 1 0 90,519
2000.0 1.0 0,992 65 0.7 -180 0,2 0,87 0.3 1 60 -759,914 -20,537 1,104 1 0 81,838
2000.0 1.0 0,992 55 0.7 -140 0,22 0,91 0.3 1 60 -668,169 -12,248 1,013 0 0 71,305
2000.0 1.0 0,992 65 0.7 -140 0,18 0,91 0.3 1 60 -668,29 -12,581 1,022 0 0 86,307
3000.0 1.0 0,992 65 0.7 -140 0,22 0,91 0.3 1 60 -833,067 -43,755 1,118 2 0 88,192
2000.0 1.0 0,992 65 0.7 -160 0,18 0,89 0.3 1 60 -690,734 -12,581 1,072 0 0 77,661
3000.0 1.0 0,992 65 0.7 -140 0,2 0,91 0.3 1 60 -691,273 -12,581 1,058 0 0 87,462
3000.0 1.0 0,992 65 0.7 -140 0,2 0,89 0.3 1 60 -650,473 -12,248 1,016 0 0 83,169
3000.0 1.0 0,992 65 0.7 -140 0,22 0,91 0.3 1 60 -692,849 -12,581 1,056 0 0 85,439
3000.0 1.0 0,992 65 0.7 -160 0,2 0,91 0.3 1 60 -644,259 -12,248 1,009 0 0 88,422
3000.0 1.0 0,992 55 0.7 -160 0,18 0,91 0.3 1 60 -743,929 -12,581 1,146 0 0 77,68
2000.0 1.0 0,992 65 0.7 -140 0,18 0,91 0.3 1 60 -676,815 -12,248 1,026 0 0 85,206
3000.0 1.0 0,992 65 0.7 -160 0,2 0,87 0.3 1 60 -727,331 -22,917 1,067 1 0 86,731
3000.0 1.0 0,992 65 0.7 -140 0,2 0,89 0.3 1 60 -725,483 -12,248 1,123 0 0 82,832
3000.0 1.0 0,992 65 0.7 -160 0,18 0,87 0.3 1 60 -674,198 -15,581 1,063 0 0 80,634
3000.0 1.0 0,992 65 0.7 -160 0,2 0,91 0.3 1 60 -676,847 -12,248 1,054 0 0 80,519
2000.0 1.0 0,992 65 0.7 -140 0,2 0,91 0.3 1 60 -669,049 -12,581 1,01 0 0 78,676
2000.0 1.0 0,992 55 0.7 -140 0,22 0,91 0.3 1 60 -722,955 -11,914 1,104 0 0 67,794
2000.0 1.0 0,992 65 0.7 -180 0,2 0,87 0.3 1 60 -794,922 -24,585 1,135 1 0 78,685