
3000.0 1.0 0,99 40 1.9 -140 0,2 0,87 0.3 1 60 -364,987 -8,234 0,835 0 0 40,997
1000.0 1.0 0,99 40 0.7 -140 0,18 0,87 0.3 1 60 -322 -6,911 0,736 0 0 23,952
1000.0 1.0 0,99 60 1.9 -140 0,2 0,91 0.3 1 60 -291,1 -6,375 0,704 0 0 40,9
1000.0 1.0 0,99 60 1.8 -140 0,22 0,89 0.3 1 60 -280,909 -7,182 0,681 0 0 39,492
3000.0 1.0 0,99 60 1.9 -140 0,22 0,89 0.3 1 60 -296,051 -7,396 0,685 0 0 45,495
3000.0 1.0 0,99 40 0.7 -140 0,18 0,87 0.3 1 60 -366,97 -9,431 0,848 0 0 24,464
1000.0 1.0 0,99 60 1.99 -140 0,2 0,91 0.3 1 60 -269,588 -6,578 0,663 0 0 37,423
3000.0 1.0 0,99 60 1.99 -140 0,22 0,87 0.3 1 60 -275,205 -7,31 0,65 0 0 43,743
3000.0 1.0 0,99 80 0.7 -140 0,2 0,91 0.3 1 60 -249,193 -6,182 0,639 0 0 40,57
1000.0 1.0 0,99 40 1.8 -140 0,18 0,91 0.3 1 60 -329,714 -5,593 0,774 0 0 30,666
3000.0 1.0 0,99 40 1.95 -140 0,2 0,91 0.3 1 60 -277,789 -6,401 0,694 0 0 32,701
1000.0 1.0 0,99 80 1.95 -140 0,22 0,91 0.3 1 60 -270,104 -5,515 0,658 0 0 47,687
1000.0 1.0 0,99 60 1.7 -140 0,18 0,91 0.3 1 60 -282,999 -7,354 0,687 0 0 42,24
3000.0 1.0 0,99 80 1.7 -140 0,22 0,87 0.3 1 60 -282,59 -8,13 0,678 0 0 60,957
1000.0 1.0 0,99 60 0.7 -140 0,22 0,89 0.3 1 60 -325,348 -7,252 0,758 0 0 28,318
1000.0 1.0 0,99 80 0.7 -140 0,2 0,91 0.3 1 60 -293,029 -5,563 0,712 0 0 35,461
1000.0 1.0 0,99 40 1.9 -140 0,22 0,89 0.3 1 60 -347,579 -21,888 0,744 1 0 28,839
3000.0 1.0 0,99 80 1.7 -140 0,18 0,89 0.3 1 60 -279,821 -7,348 0,695 0 0 63,641
1000.0 1.0 0,99 40 0.7 -140 0,2 0,89 0.3 1 60 -291,271 -5,891 0,702 0 0 20,294
1000.0 1.0 0,99 40 0.7 -140 0,18 0,89 0.3 1 60 -312,722 -7,353 0,683 0 0 21,043
3000.0 1.0 0,99 80 1.8 -140 0,22 0,91 0.3 1 60 -258,76 -6,529 0,648 0 0 60,349
1000.0 1.0 0,99 80 1.8 -140 0,18 0,91 0.3 1 60 -317,186 -7,593 0,737 0 0 53,956
1000.0 1.0 0,99 80 1.8 -140 0,2 0,89 0.3 1 60 -302,27 -6,364 0,735 0 0 48,651
1000.0 1.0 0,99 60 1.99 -140 0,18 0,91 0.3 1 60 -281,703 -5,848 0,682 0 0 39,772
3000.0 1.0 0,99 80 1.8 -140 0,22 0,91 0.3 1 60 -255,767 -6,707 0,633 0 0 59,702
3000.0 1.0 0,99 60 1.8 -140 0,2 0,89 0.3 1 60 -292,565 -7,891 0,71 0 0 47,456
1000.0 1.0 0,99 80 1.95 -140 0,18 0,91 0.3 1 60 -267,553 -5,708 0,649 0 0 48,602
1000.0 1.0 0,99 60 1.9 -140 0,2 0,91 0.3 1 60 -317,543 -5,577 0,746 0 0 40,036
1000.0 1.0 0,99 80 1.7 -140 0,2 0,87 0.3 1 60 -267,493 -6,505 0,652 0 0 48,632
3000.0 1.0 0,99 80 1.9 -140 0,18 0,91 0.3 1 60 -282,535 -6,477 0,693 0 0 59,67
1000.0 1.0 0,99 80 1.9 -140 0,2 0,89 0.3 1 60 -287,965 -6,937 0,713 0 0 48,587
1000.0 1.0 0,99 40 1.95 -140 0,2 0,89 0.3 1 60 -362,355 -6,848 0,84 0 0 29,838
3000.0 1.0 0,99 80 1.95 -140 0,2 0,89 0.3 1 60 -268,016 -5,891 0,679 0 0 57,961
3000.0 1.0 0,99 80 1.95 -140 0,22 0,89 0.3 1 60 -252,38 -6,225 0,644 0 0 56,258
3000.0 1.0 0,99 60 1.95 -140 0,18 0,91 0.3 1 60 -337,644 -6,304 0,786 0 0 50,371
3000.0 1.0 0,99 60 1.9 -140 0,18 0,87 0.3 1 60 -305,815 -7,116 0,743 0 0 45,75
3000.0 1.0 0,99 60 1.9 -140 0,2 0,87 0.3 1 60 -273,739 -6,838 0,659 0 0 46,516
3000.0 1.0 0,99 40 1.7 -140 0,2 0,89 0.3 1 60 -342,165 -8,598 0,794 0 0 37,454
3000.0 1.0 0,99 80 0.7 -140 0,2 0,91 0.3 1 60 -287,153 -9,44 0,712 0 0 38,339
1000.0 1.0 0,99 40 1.9 -140 0,2 0,91 0.3 1 60 -304,796 -7,463 0,724 0 0 28,327
3000.0 1.0 0,99 40 1.7 -140 0,18 0,91 0.3 1 60 -251,095 -6,196 0,637 0 0 35,952
1000.0 1.0 0,99 60 1.8 -140 0,18 0,87 0.3 1 60 -309,206 -7,935 0,738 0 0 39,266
3000.0 1.0 0,99 40 1.8 -140 0,18 0,91 0.3 1 60 -314,158 -6,348 0,743 0 0 45,438
3000.0 1.0 0,99 40 1.7 -140 0,2 0,89 0.3 1 60 -344,518 -6,577 0,788 0 0 48,512
1000.0 1.0 0,99 60 1.7 -140 0,18 0,89 0.3 1 60 -275,078 -6,792 0,677 0 0 44,414
3000.0 1.0 0,99 40 0.7 -140 0,22 0,89 0.3 1 60 -324,969 -7,593 0,761 0 0 22,931
3000.0 1.0 0,99 80 1.95 -140 0,18 0,87 0.3 1 60 -260,462 -7,463 0,653 0 0 57,77
1000.0 1.0 0,99 40 1.95 -140 0,2 0,91 0.3 1 60 -381,757 -7,891 0,85 0 0 28,317
3000.0 1.0 0,99 40 1.9 -140 0,18 0,87 0.3 1 60 -322,469 -7,356 0,75 0 0 42,11
1000.0 1.0 0,99 40 1.9 -140 0,22 0,91 0.3 1 60 -299,368 -5,848 0,698 0 0 32,675
3000.0 1.0 0,99 80 0.7 -140 0,2 0,87 0.3 1 60 -257,933 -6,848 0,638 0 0 47,627
3000.0 1.0 0,99 60 0.7 -140 0,2 0,87 0.3 1 60 -311,487 -6,448 0,745 0 0 41,865
1000.0 1.0 0,99 40 0.7 -140 0,18 0,91 0.3 1 60 -312,858 -7,403 0,728 0 0 26,318
1000.0 1.0 0,99 80 1.7 -140 0,18 0,89 0.3 1 60 -298,892 -7,558 0,717 0 0 60,69
3000.0 1.0 0,99 40 0.7 -140 0,2 0,89 0.3 1 60 -319,074 -7,838 0,76 0 0 28,308
1000.0 1.0 0,99 80 1.95 -140 0,2 0,89 0.3 1 60 -272,452 -6,838 0,662 0 0 51,229
3000.0 1.0 0,99 80 1.99 -140 0,22 0,87 0.3 1 60 -266,266 -6,45 0,654 0 0 59,079
1000.0 1.0 0,99 80 1.7 -140 0,22 0,89 0.3 1 60 -281,618 -8,483 0,701 0 0 62,946
1000.0 1.0 0,99 80 1.7 -140 0,22 0,91 0.3 1 60 -270,064 -6,708 0,673 0 0 61,986
1000.0 1.0 0,99 80 1.7 -140 0,2 0,87 0.3 1 60 -278,934 -7,068 0,693 0 0 56,816
1000.0 1.0 0,99 40 0.7 -140 0,2 0,87 0.3 1 60 -327,033 -6,932 0,776 0 0 24,001
1000.0 1.0 0,99 60 1.99 -140 0,22 0,87 0.3 1 60 -289,154 -7,116 0,693 0 0 42,84
3000.0 1.0 0,99 80 0.7 -140 0,18 0,91 0.3 1 60 -246,389 -5,708 0,625 0 0 47,568
3000.0 1.0 0,99 60 1.8 -140 0,18 0,89 0.3 1 60 -276,455 -8,029 0,681 0 0 55,825
3000.0 1.0 0,99 60 1.99 -140 0,2 0,87 0.3 1 60 -307,082 -5,969 0,75 0 0 54,232
3000.0 1.0 0,99 80 0.7 -140 0,2 0,91 0.3 1 60 -296,887 -6,734 0,691 0 0 44,27
3000.0 1.0 0,99 80 0.7 -140 0,2 0,91 0.3 1 60 -276,98 -7,603 0,683 0 0 45,316
3000.0 1.0 0,99 80 1.8 -140 0,2 0,91 0.3 1 60 -257,703 -6,357 0,636 0 0 70,468
3000.0 1.0 0,99 40 1.7 -140 0,18 0,89 0.3 1 60 -334,452 -6,053 0,761 0 0 55,577
3000.0 1.0 0,99 80 1.99 -140 0,18 0,87 0.3 1 60 -288,906 -7,149 0,692 0 0 79,719
3000.0 1.0 0,99 80 1.8 -140 0,22 0,91 0.3 1 60 -266,232 -7,558 0,652 0 0 86,452
3000.0 1.0 0,99 80 1.95 -140 0,18 0,87 0.3 1 60 -299,272 -7,932 0,716 0 0 90,639
3000.0 1.0 0,99 60 1.99 -140 0,18 0,91 0.3 1 60 -326,445 -6,69 0,761 0 0 77,103
1000.0 1.0 0,99 80 0.7 -140 0,2 0,91 0.3 1 60 -278,225 -6,863 0,68 0 0 54,265
1000.0 1.0 0,99 40 1.99 -140 0,22 0,91 0.3 1 60 -298,959 -6,094 0,72 0 0 42,567
3000.0 1.0 0,99 80 1.7 -140 0,2 0,87 0.3 1 60 -285,14 -7,024 0,706 0 0 99,909
3000.0 1.0 0,99 40 1.7 -140 0,18 0,91 0.3 1 60 -323,317 -7,429 0,764 0 0 56,573
3000.0 1.0 0,99 80 1.95 -140 0,22 0,89 0.3 1 60 -284,591 -6,599 0,69 0 0 89,014
3000.0 1.0 0,99 80 1.95 -140 0,18 0,87 0.3 1 60 -250,592 -6,863 0,614 0 0 77,503
3000.0 1.0 0,99 80 1.99 -140 0,22 0,87 0.3 1 60 -254,592 -5,695 0,621 0 0 70,236
3000.0 1.0 0,99 40 1.95 -140 0,18 0,91 0.3 1 60 -302,286 -6,02 0,736 0 0 44,803
1000.0 1.0 0,99 80 1.95 -140 0,2 0,87 0.3 1 60 -322,011 -6,681 0,744 0 0 63,59
3000.0 1.0 0,99 60 1.99 -140 0,18 0,91 0.3 1 60 -276,228 -6,834 0,667 0 0 62,932
1000.0 1.0 0,99 80 0.7 -140 0,2 0,91 0.3 1 60 -239,088 -6,483 0,611 0 0 42,104
3000.0 1.0 0,99 80 1.99 -140 0,2 0,87 0.3 1 60 -297,041 -6,078 0,729 0 0 74,493
3000.0 1.0 0,99 80 1.95 -140 0,22 0,89 0.3 1 60 -248,793 -5,565 0,624 0 0 70,451
3000.0 1.0 0,99 40 1.7 -140 0,22 0,87 0.3 1 60 -322,821 -6,232 0,783 0 0 50,487
3000.0 1.0 0,99 80 1.95 -140 0,2 0,87 0.3 1 60 -352,426 -21,912 0,73 1 0 75,919
1000.0 1.0 0,99 80 1.95 -140 0,18 0,87 0.3 1 60 -272,954 -8,578 0,664 0 0 57,983
3000.0 1.0 0,99 60 1.99 -140 0,18 0,91 0.3 1 60 -273,999 -6,052 0,674 0 0 60,21
1000.0 1.0 0,99 40 1.99 -140 0,22 0,91 0.3 1 60 -342,568 -7,296 0,811 0 0 36,599
1000.0 1.0 0,99 80 0.7 -140 0,2 0,91 0.3 1 60 -257,04 -7,581 0,642 0 0 43,159
3000.0 1.0 0,99 80 1.8 -140 0,2 0,91 0.3 1 60 -306,807 -8,182 0,754 0 0 83,372
3000.0 1.0 0,99 80 1.95 -140 0,22 0,87 0.3 1 60 -252,576 -6,348 0,634 0 0 71,269
3000.0 1.0 0,99 80 1.8 -140 0,22 0,91 0.3 1 60 -292,286 -6,598 0,714 0 0 79,201