
1000.0 10.0 0,99 30 0.7 -110 0,18 0,92 0.3 1 60 -6303,338 -826,301 0,906 67 41 19,541
2500.0 10.0 0,99 30 0.7 -150 0,2 0,9 0.3 1 60 -4352,184 -473,908 0,811 39 28 23,27
2500.0 10.0 0,99 30 0.7 -150 0,2 0,9 0.3 1 60 -3450,385 -458,733 0,801 35 19 20,79
2500.0 10.0 0,99 30 0.7 -150 0,2 0,9 0.3 1 60 -3592,728 -240,277 0,855 40 16 19,252
100.0 1.0 0,99 50 0.7 -70 0,18 0,94 0.3 1 60 -253,098 -7,526 0,621 0 0 20,27
100.0 1.0 0,99 50 0.7 -70 0,18 0,94 0.3 1 60 -437,847 -75,466 0,699 3 0 20,644
100.0 1.0 0,99 50 0.7 -70 0,18 0,94 0.3 1 60 -1105,543 -253,243 0,616 15 4 19,34
1000.0 10.0 0,99 50 0.7 -110 0,16 0,92 0.3 1 60 -2983,386 -233,425 0,824 32 13 25,774
1000.0 10.0 0,99 50 0.7 -110 0,16 0,92 0.3 1 60 -3167,203 -283,911 0,846 37 15 24,87
1000.0 10.0 0,99 50 0.7 -110 0,16 0,92 0.3 1 60 -3858,667 -425,677 0,761 39 23 26,25
1000.0 1.0 0,99 50 0.7 -150 0,16 0,9 0.3 1 60 -308,405 -7,599 0,742 0 0 27,053
1000.0 1.0 0,99 50 0.7 -150 0,16 0,9 0.3 1 60 -353,941 -9,023 0,812 0 0 24,946
1000.0 1.0 0,99 50 0.7 -150 0,16 0,9 0.3 1 60 -324,073 -7,097 0,755 0 0 26,279
100.0 0.1 0,99 50 0.7 -110 0,14 0,9 0.3 1 60 -304,404 -7,848 0,737 0 0 17,86
100.0 0.1 0,99 50 0.7 -110 0,14 0,9 0.3 1 60 -336,178 -6,243 0,778 0 0 20,591
100.0 0.1 0,99 50 0.7 -110 0,14 0,9 0.3 1 60 -332,368 -7,225 0,769 0 0 19,224
100.0 10.0 0,99 30 0.7 -110 0,2 0,92 0.3 1 60 -4020,913 -259,267 0,989 36 24 9,461
100.0 10.0 0,99 30 0.7 -110 0,2 0,92 0.3 1 60 -5960,176 -515,155 0,898 56 40 9,004
100.0 10.0 0,99 30 0.7 -110 0,2 0,92 0.3 1 60 -4719,6 -311,521 0,947 53 24 9,575
2500.0 10.0 0,99 50 0.7 -110 0,18 0,9 0.3 1 60 -5130,571 -334,873 0,834 51 33 35,56
2500.0 100.0 0,99 50 0.7 -50 0,18 0,92 0.3 1 60 -5936,601 -377,886 0,94 64 33 33,684
2500.0 100.0 0,99 50 0.7 -50 0,18 0,92 0.3 1 60 -2430,475 -191,986 0,885 25 11 27,295
2500.0 100.0 0,99 50 0.7 -50 0,18 0,92 0.3 1 60 -1362,988 -148,948 0,839 17 3 27,341
5000.0 1.0 0,99 30 0.7 -110 0,18 0,94 0.3 1 60 -278,889 -6,986 0,678 0 0 33,28
5000.0 1.0 0,99 30 0.7 -110 0,18 0,94 0.3 1 60 -311,566 -6,219 0,734 0 0 34,1
5000.0 1.0 0,99 30 0.7 -110 0,18 0,94 0.3 1 60 -1367,865 -269,176 0,689 18 3 33,97
5000.0 100.0 0,99 50 0.7 -50 0,2 0,92 0.3 1 60 -3475,977 -396,704 0,923 38 20 34,55
5000.0 100.0 0,99 50 0.7 -50 0,2 0,92 0.3 1 60 -2165,123 -315,568 0,726 26 8 34,665
5000.0 100.0 0,99 50 0.7 -50 0,2 0,92 0.3 1 60 -2639,308 -276,458 0,835 28 14 29,085
1000.0 10.0 0,99 30 0.7 -50 0,18 0,94 0.3 1 60 -3946,066 -312,87 0,856 41 19 24,585
1000.0 10.0 0,99 30 0.7 -50 0,18 0,94 0.3 1 60 -6154,354 -328,642 1,059 64 37 25,515
1000.0 10.0 0,99 30 0.7 -50 0,18 0,94 0.3 1 60 -2579,183 -427,891 0,896 21 17 22,947
2500.0 100.0 0,99 30 0.7 -70 0,16 0,9 0.3 1 60 -7025,915 -382,651 0,949 74 42 18,69
2500.0 100.0 0,99 30 0.7 -70 0,16 0,9 0.3 1 60 -4291,816 -273,235 0,957 47 22 18,22
2500.0 100.0 0,99 30 0.7 -70 0,16 0,9 0.3 1 60 -6854,827 -512,275 0,953 76 36 18,51
1000.0 1.0 0,99 30 0.7 -50 0,18 0,92 0.3 1 60 -2306,295 -467,688 0,774 22 11 34,012
1000.0 1.0 0,99 30 0.7 -50 0,18 0,92 0.3 1 60 -1886,282 -367,815 0,877 17 11 31,903
1000.0 1.0 0,99 30 0.7 -50 0,18 0,92 0.3 1 60 -1368,849 -197,494 0,884 13 5 29,375
1000.0 100.0 0,99 30 0.7 -150 0,18 0,94 0.3 1 60 -5657,904 -362,946 1,036 65 27 14,935
1000.0 100.0 0,99 30 0.7 -150 0,18 0,94 0.3 1 60 -6999,775 -443,875 0,959 79 39 15,335
1000.0 100.0 0,99 30 0.7 -150 0,18 0,94 0.3 1 60 -4257,035 -283,852 0,912 47 20 13,563
1000.0 100.0 0,99 50 0.7 -110 0,2 0,92 0.3 1 60 -5005,603 -422,631 0,988 53 23 22,039
1000.0 100.0 0,99 50 0.7 -110 0,2 0,92 0.3 1 60 -4869,426 -437,432 0,865 46 33 20,895
1000.0 100.0 0,99 50 0.7 -110 0,2 0,92 0.3 1 60 -4417,235 -292,943 0,857 45 23 19,559
5000.0 1.0 0,99 50 0.7 -150 0,2 0,92 0.3 1 60 -278,115 -7,567 0,672 0 0 45,596
5000.0 1.0 0,99 50 0.7 -150 0,2 0,92 0.3 1 60 -296,322 -7,245 0,705 0 0 45,07
5000.0 1.0 0,99 50 0.7 -150 0,2 0,92 0.3 1 60 -297,191 -7,427 0,715 0 0 46,19
5000.0 100.0 0,99 50 0.7 -70 0,18 0,9 0.3 1 60 -3060,992 -224,403 0,874 30 16 32,866
5000.0 100.0 0,99 50 0.7 -70 0,18 0,9 0.3 1 60 -3917,229 -353,437 0,863 42 20 33,82
5000.0 100.0 0,99 50 0.7 -70 0,18 0,9 0.3 1 60 -3159,562 -337,024 0,809 36 16 36,719
1000.0 100.0 0,99 50 0.7 -70 0,16 0,9 0.3 1 60 -3246,488 -256,521 0,84 33 21 20,41
1000.0 100.0 0,99 50 0.7 -70 0,16 0,9 0.3 1 60 -2968,05 -213,918 0,968 34 13 21,66
1000.0 100.0 0,99 50 0.7 -70 0,16 0,9 0.3 1 60 -5070,682 -558,244 1,073 56 25 24,074
1000.0 1.0 0,99 30 0.7 -70 0,2 0,92 0.3 1 60 -318,184 -7,126 0,729 0 0 27,718
1000.0 1.0 0,99 30 0.7 -70 0,2 0,92 0.3 1 60 -1716,229 -302,881 0,73 15 9 30,914
1000.0 1.0 0,99 30 0.7 -70 0,2 0,92 0.3 1 60 -323,819 -6,372 0,741 0 0 28,05
5000.0 1.0 0,99 30 0.7 -50 0,16 0,94 0.3 1 60 -1021,302 -169,217 0,711 13 2 35,404
5000.0 1.0 0,99 30 0.7 -50 0,16 0,94 0.3 1 60 -1956,02 -205,589 0,817 21 8 38,007
5000.0 1.0 0,99 30 0.7 -50 0,16 0,94 0.3 1 60 -696,647 -140,805 0,835 4 1 39,048
2500.0 10.0 0,99 30 0.7 -110 0,14 0,92 0.3 1 60 -3116,182 -300,273 0,837 34 13 28,745
2500.0 10.0 0,99 30 0.7 -110 0,14 0,92 0.3 1 60 -2036,071 -232,643 0,904 21 9 27,63
2500.0 10.0 0,99 30 0.7 -110 0,14 0,92 0.3 1 60 -2610,444 -315,909 0,838 28 12 28,315
1000.0 100.0 0,99 30 0.7 -150 0,18 0,9 0.3 1 60 -6918,892 -422,357 0,984 78 38 14,175
1000.0 100.0 0,99 30 0.7 -150 0,18 0,9 0.3 1 60 -4237,793 -340,119 0,965 42 24 14,962
1000.0 100.0 0,99 30 0.7 -150 0,18 0,9 0.3 1 60 -4662,616 -312,831 1,016 50 26 15,403
2500.0 1.0 0,99 30 0.7 -70 0,2 0,92 0.3 1 60 -307,298 -8,551 0,723 0 0 31,432
2500.0 1.0 0,99 30 0.7 -70 0,2 0,92 0.3 1 60 -284,434 -6,021 0,685 0 0 29,984
2500.0 1.0 0,99 30 0.7 -70 0,2 0,92 0.3 1 60 -339,202 -7,129 0,77 0 0 32,555
2500.0 1.0 0,99 50 0.7 -50 0,2 0,94 0.3 1 60 -240,585 -10,208 0,614 0 0 45,053
2500.0 1.0 0,99 50 0.7 -50 0,2 0,94 0.3 1 60 -289,644 -25,648 0,619 1 0 47,238
2500.0 1.0 0,99 50 0.7 -50 0,2 0,94 0.3 1 60 -551,787 -149,317 0,627 4 1 50,275
1000.0 10.0 0,99 30 0.7 -70 0,2 0,9 0.3 1 60 -2195,058 -225,198 0,952 20 11 25,294
1000.0 10.0 0,99 30 0.7 -70 0,2 0,9 0.3 1 60 -4078,485 -334,286 0,906 48 19 23,197
1000.0 10.0 0,99 30 0.7 -70 0,2 0,9 0.3 1 60 -2689,209 -324,213 0,828 24 13 22,855
5000.0 10.0 0,99 30 0.7 -150 0,14 0,94 0.3 1 60 -3157,632 -293,55 0,744 35 16 32,027
5000.0 10.0 0,99 30 0.7 -150 0,14 0,94 0.3 1 60 -2743,076 -281,835 0,825 28 13 30,46
5000.0 10.0 0,99 30 0.7 -150 0,14 0,94 0.3 1 60 -3801,619 -607,827 0,86 35 21 29,136
5000.0 1.0 0,99 50 0.7 -50 0,14 0,94 0.3 1 60 -704,988 -168,689 0,593 5 3 52,534
5000.0 1.0 0,99 50 0.7 -50 0,14 0,94 0.3 1 60 -1123,142 -201,243 0,724 11 6 54,095
5000.0 1.0 0,99 50 0.7 -50 0,14 0,94 0.3 1 60 -1042,532 -219,115 0,648 9 5 52,947
1000.0 100.0 0,99 50 0.7 -50 0,16 0,92 0.3 1 60 -2727,658 -254,147 0,954 31 12 20,551
1000.0 100.0 0,99 50 0.7 -50 0,16 0,92 0.3 1 60 -5986,896 -277,595 0,963 68 30 20,549
1000.0 100.0 0,99 50 0.7 -50 0,16 0,92 0.3 1 60 -6432,146 -680,105 0,916 68 38 20,01
1000.0 100.0 0,99 50 0.7 -150 0,18 0,94 0.3 1 60 -5579,764 -325,813 0,871 58 32 19,605
1000.0 100.0 0,99 50 0.7 -150 0,18 0,94 0.3 1 60 -3978,41 -439,14 0,84 39 22 20,977
1000.0 100.0 0,99 50 0.7 -150 0,18 0,94 0.3 1 60 -4597,184 -420,811 0,884 54 26 31,095
5000.0 10.0 0,99 30 0.7 -70 0,18 0,94 0.3 1 60 -2025,474 -319,38 0,868 18 10 31,251
5000.0 10.0 0,99 30 0.7 -70 0,18 0,94 0.3 1 60 -2379,736 -233,715 0,859 24 11 31,861
5000.0 10.0 0,99 30 0.7 -70 0,18 0,94 0.3 1 60 -4338,176 -335,155 0,902 49 21 28,835
1000.0 1.0 0,99 50 0.7 -50 0,18 0,94 0.3 1 60 -345,688 -42,763 0,61 2 0 40,316
1000.0 1.0 0,99 50 0.7 -50 0,18 0,94 0.3 1 60 -374,338 -71,887 0,587 1 2 46,606
1000.0 1.0 0,99 50 0.7 -50 0,18 0,94 0.3 1 60 -613,733 -128,054 0,673 7 1 44,861
5000.0 10.0 0,99 30 0.7 -70 0,16 0,92 0.3 1 60 -3223,401 -273,287 0,814 37 15 29,732
5000.0 10.0 0,99 30 0.7 -70 0,16 0,92 0.3 1 60 -5849,717 -380,192 0,817 62 34 28,459
5000.0 10.0 0,99 30 0.7 -70 0,16 0,92 0.3 1 60 -2921,151 -306,535 0,908 34 12 32,162
1000.0 100.0 0,99 30 0.7 -70 0,2 0,92 0.3 1 60 -7084,594 -404,386 1,011 71 41 13,958
1000.0 100.0 0,99 30 0.7 -70 0,2 0,92 0.3 1 60 -5021,268 -419,699 1,007 51 27 14,622
1000.0 100.0 0,99 30 0.7 -70 0,2 0,92 0.3 1 60 -5853,385 -350,482 1,068 68 27 15,146
1000.0 100.0 0,99 30 0.7 -150 0,14 0,9 0.3 1 60 -3110,401 -316,925 0,901 32 15 13,259
1000.0 100.0 0,99 30 0.7 -150 0,14 0,9 0.3 1 60 -4657,482 -382,776 1,023 52 22 13,616
1000.0 100.0 0,99 30 0.7 -150 0,14 0,9 0.3 1 60 -5037,636 -280,37 1,045 56 26 15,022
1000.0 10.0 0,99 50 0.7 -70 0,14 0,94 0.3 1 60 -2789,432 -185,62 0,808 30 14 34,709
1000.0 10.0 0,99 50 0.7 -70 0,14 0,94 0.3 1 60 -5243,755 -526,367 0,754 55 29 34,437
1000.0 10.0 0,99 50 0.7 -70 0,14 0,94 0.3 1 60 -2514,383 -228,034 0,771 29 11 35,581
2500.0 10.0 0,99 50 0.7 -150 0,14 0,92 0.3 1 60 -4418,186 -389,362 0,836 47 26 41,673
2500.0 10.0 0,99 50 0.7 -150 0,14 0,92 0.3 1 60 -2247,572 -296,099 0,799 27 8 39,547
2500.0 10.0 0,99 50 0.7 -150 0,14 0,92 0.3 1 60 -4625,504 -428,767 0,757 50 24 41,536
5000.0 100.0 0,99 30 0.7 -70 0,14 0,94 0.3 1 60 -3868,827 -329,484 0,89 44 18 22,358
5000.0 100.0 0,99 30 0.7 -70 0,14 0,94 0.3 1 60 -5568,779 -437,085 0,952 54 31 22,779
5000.0 100.0 0,99 30 0.7 -70 0,14 0,94 0.3 1 60 -4870,258 -287,723 0,979 55 23 21,568
5000.0 1.0 0,99 50 0.7 -70 0,2 0,94 0.3 1 60 -276,833 -8,521 0,682 0 0 49,128
5000.0 1.0 0,99 50 0.7 -70 0,2 0,94 0.3 1 60 -237,029 -7,955 0,59 0 0 52,585
5000.0 1.0 0,99 50 0.7 -70 0,2 0,94 0.3 1 60 -820,642 -269,68 0,609 7 3 47,676
2500.0 10.0 0,99 50 0.7 -150 0,18 0,92 0.3 1 60 -1600,974 -208,953 0,714 15 9 38,936
2500.0 10.0 0,99 50 0.7 -150 0,18 0,92 0.3 1 60 -4181,471 -287,155 0,819 39 27 39,096
2500.0 10.0 0,99 50 0.7 -150 0,18 0,92 0.3 1 60 -2603,728 -474,04 0,812 26 15 41,864
5000.0 100.0 0,99 50 0.7 -70 0,16 0,9 0.3 1 60 -4026,832 -224,393 0,866 46 18 32,916
5000.0 100.0 0,99 50 0.7 -70 0,16 0,9 0.3 1 60 -3346,678 -316,733 0,851 38 16 33,77
5000.0 100.0 0,99 50 0.7 -70 0,16 0,9 0.3 1 60 -2833,606 -361,154 0,867 30 13 32,465
2500.0 100.0 0,99 50 0.7 -50 0,14 0,9 0.3 1 60 -4276,188 -366,303 0,935 49 22 28,284
2500.0 100.0 0,99 50 0.7 -50 0,14 0,9 0.3 1 60 -3990,316 -432,458 0,927 37 23 29,326
2500.0 100.0 0,99 50 0.7 -50 0,14 0,9 0.3 1 60 -4378,795 -313,285 1,074 50 20 28,44
5000.0 10.0 0,99 30 0.7 -150 0,18 0,94 0.3 1 60 -3062,234 -311,939 0,733 36 14 30,661
5000.0 10.0 0,99 30 0.7 -150 0,18 0,94 0.3 1 60 -2565,229 -254,749 0,849 24 13 30,202
5000.0 10.0 0,99 30 0.7 -150 0,18 0,94 0.3 1 60 -1712,44 -190,849 0,775 19 7 29,558
1000.0 100.0 0,99 30 0.7 -70 0,16 0,94 0.3 1 60 -4118,272 -394,045 0,938 46 21 14,288
1000.0 100.0 0,99 30 0.7 -70 0,16 0,94 0.3 1 60 -3354,169 -277 0,965 34 17 13,973
1000.0 100.0 0,99 30 0.7 -70 0,16 0,94 0.3 1 60 -6252,993 -413,389 0,999 71 34 14,323
5000.0 10.0 0,99 50 0.7 -50 0,18 0,94 0.3 1 60 -889,962 -90,968 0,737 11 1 42,525
5000.0 10.0 0,99 50 0.7 -50 0,18 0,94 0.3 1 60 -3399,139 -282,542 0,779 33 20 45,366
5000.0 10.0 0,99 50 0.7 -50 0,18 0,94 0.3 1 60 -1152,73 -217,777 0,735 10 4 44,172
1000.0 100.0 0,99 50 0.7 -70 0,2 0,9 0.3 1 60 -5191,748 -500,516 0,879 53 31 21,292
1000.0 100.0 0,99 50 0.7 -70 0,2 0,9 0.3 1 60 -4491,516 -297,919 0,841 52 23 22,049
1000.0 100.0 0,99 50 0.7 -70 0,2 0,9 0.3 1 60 -8534,97 -532,494 1,01 90 50 21,874
2500.0 10.0 0,99 50 0.7 -150 0,16 0,94 0.3 1 60 -2165,348 -240,635 0,758 23 9 42,164
2500.0 10.0 0,99 50 0.7 -150 0,16 0,94 0.3 1 60 -1689,853 -235,913 0,733 17 8 41,418
2500.0 10.0 0,99 50 0.7 -150 0,16 0,94 0.3 1 60 -3623,81 -321,638 0,774 42 18 41,881
5000.0 1.0 0,99 50 0.7 -110 0,14 0,92 0.3 1 60 -298,762 -8,13 0,721 0 0 48,251
5000.0 1.0 0,99 50 0.7 -110 0,14 0,92 0.3 1 60 -267,705 -6,012 0,669 0 0 46,368
5000.0 1.0 0,99 50 0.7 -110 0,14 0,92 0.3 1 60 -274,847 -6,094 0,664 0 0 46,599
5000.0 100.0 0,99 30 0.7 -70 0,14 0,92 0.3 1 60 -7135,791 -388,558 0,935 81 41 21,855
5000.0 100.0 0,99 30 0.7 -70 0,14 0,92 0.3 1 60 -3165,787 -303,26 0,846 31 16 21,774
5000.0 100.0 0,99 30 0.7 -70 0,14 0,92 0.3 1 60 -2737,895 -310,342 0,969 29 11 20,984
5000.0 100.0 0,99 30 0.7 -110 0,14 0,94 0.3 1 60 -4239,283 -315,335 0,879 41 27 20,307
5000.0 100.0 0,99 30 0.7 -110 0,14 0,94 0.3 1 60 -1702,664 -226,695 0,805 20 6 19,831
5000.0 100.0 0,99 30 0.7 -110 0,14 0,94 0.3 1 60 -4870,012 -343,172 0,881 51 24 21,704
2500.0 1.0 0,99 30 0.7 -50 0,14 0,94 0.3 1 60 -936,439 -130,654 0,722 6 4 33,476
2500.0 1.0 0,99 30 0.7 -50 0,14 0,94 0.3 1 60 -1243,831 -211,486 0,738 13 5 34,148
2500.0 1.0 0,99 30 0.7 -50 0,14 0,94 0.3 1 60 -595,327 -98,87 0,733 7 0 33,934
1000.0 100.0 0,99 50 0.7 -150 0,2 0,92 0.3 1 60 -5391,195 -547,46 0,952 57 27 21,137
1000.0 100.0 0,99 50 0.7 -150 0,2 0,92 0.3 1 60 -4032,149 -339,336 0,922 43 22 21,19
1000.0 100.0 0,99 50 0.7 -150 0,2 0,92 0.3 1 60 -3214,493 -380,051 0,877 40 13 20,554
5000.0 100.0 0,99 50 0.7 -70 0,14 0,9 0.3 1 60 -2886,105 -252,287 0,982 31 14 33,791
5000.0 100.0 0,99 50 0.7 -70 0,14 0,9 0.3 1 60 -4423,894 -343,192 0,898 42 27 33,067
5000.0 100.0 0,99 50 0.7 -70 0,14 0,9 0.3 1 60 -4296,478 -340,154 0,824 41 26 31,76
5000.0 100.0 0,99 30 0.7 -150 0,2 0,92 0.3 1 60 -6986,468 -503,853 0,785 68 44 21,431
5000.0 100.0 0,99 30 0.7 -150 0,2 0,92 0.3 1 60 -3199,068 -293,337 0,894 34 15 21,751
5000.0 100.0 0,99 30 0.7 -150 0,2 0,92 0.3 1 60 -3603,257 -457,786 0,954 34 19 21,753
1000.0 100.0 0,99 30 0.7 -150 0,18 0,94 0.3 1 60 -4791,973 -389,245 0,986 47 26 14,341
1000.0 100.0 0,99 30 0.7 -150 0,18 0,94 0.3 1 60 -5571,78 -351,598 0,994 60 30 14,495
1000.0 100.0 0,99 30 0.7 -150 0,18 0,94 0.3 1 60 -5758,512 -426,132 0,975 63 30 14,991
1000.0 100.0 0,99 30 0.7 -150 0,14 0,9 0.3 1 60 -6379,356 -301,226 1,097 70 33 14,308
1000.0 100.0 0,99 30 0.7 -150 0,14 0,9 0.3 1 60 -3906,616 -264,632 1,067 42 21 13,666
1000.0 100.0 0,99 30 0.7 -150 0,14 0,9 0.3 1 60 -5662,37 -390,622 0,986 61 30 15,677
5000.0 100.0 0,99 30 0.7 -70 0,14 0,94 0.3 1 60 -5411,483 -366,587 0,948 60 29 20,649
5000.0 100.0 0,99 30 0.7 -70 0,14 0,94 0.3 1 60 -5216,774 -440,479 0,991 64 24 22,251
5000.0 100.0 0,99 30 0.7 -70 0,14 0,94 0.3 1 60 -5280,542 -432,079 0,879 52 30 20,437
2500.0 100.0 0,99 50 0.7 -70 0,14 0,94 0.3 1 60 -3268,694 -213,633 0,814 46 12 26,313
2500.0 100.0 0,99 50 0.7 -70 0,14 0,94 0.3 1 60 -4275,573 -373,983 0,928 38 29 29,394
2500.0 100.0 0,99 50 0.7 -70 0,14 0,94 0.3 1 60 -4885,556 -286,649 0,875 51 27 27,827
2500.0 100.0 0,99 50 0.7 -50 0,14 0,94 0.3 1 60 -2376,456 -282,129 0,801 30 8 26,899
2500.0 100.0 0,99 50 0.7 -50 0,14 0,94 0.3 1 60 -10054,684 -426,622 0,912 103 58 34,022
2500.0 100.0 0,99 50 0.7 -50 0,14 0,94 0.3 1 60 -6664,261 -390,583 0,827 72 38 25,66
5000.0 10.0 0,99 50 0.7 -70 0,16 0,92 0.3 1 60 -2561,15 -338,216 0,834 25 13 45,219
5000.0 10.0 0,99 50 0.7 -70 0,16 0,92 0.3 1 60 -2679,386 -258,604 0,722 28 14 44,416
5000.0 10.0 0,99 50 0.7 -70 0,16 0,92 0.3 1 60 -2110,799 -241,947 0,702 24 8 42,992
1000.0 10.0 0,99 50 0.7 -150 0,18 0,94 0.3 1 60 -1605,757 -222,78 0,749 16 6 31,783
1000.0 10.0 0,99 50 0.7 -150 0,18 0,94 0.3 1 60 -482,408 -51,137 0,773 2 1 33,845
1000.0 10.0 0,99 50 0.7 -150 0,18 0,94 0.3 1 60 -6260,182 -430,001 0,816 65 38 35,105
5000.0 100.0 0,99 50 0.7 -110 0,2 0,92 0.3 1 60 -5876,077 -395,504 0,869 65 33 29,667
5000.0 100.0 0,99 50 0.7 -110 0,2 0,92 0.3 1 60 -3345,246 -470,616 0,866 33 21 31,289
5000.0 100.0 0,99 50 0.7 -110 0,2 0,92 0.3 1 60 -3561,037 -320,445 0,913 37 17 32,293
1000.0 1.0 0,99 50 0.7 -150 0,18 0,92 0.3 1 60 -611,486 -175,949 0,66 5 3 36,97
1000.0 1.0 0,99 50 0.7 -150 0,18 0,92 0.3 1 60 -358,824 -8,208 0,833 0 0 36,91
1000.0 1.0 0,99 50 0.7 -150 0,18 0,92 0.3 1 60 -322,515 -5,891 0,759 0 0 37,581
1000.0 100.0 0,99 50 0.7 -70 0,2 0,9 0.3 1 60 -2354,696 -194,035 1,006 26 10 21,24
1000.0 100.0 0,99 50 0.7 -70 0,2 0,9 0.3 1 60 -4925,156 -432,161 1,001 57 25 20,555
1000.0 100.0 0,99 50 0.7 -70 0,2 0,9 0.3 1 60 -4064,178 -359,264 0,947 43 21 21,11
5000.0 100.0 0,99 50 0.7 -70 0,16 0,9 0.3 1 60 -2645,56 -269,695 0,774 30 10 27,266
5000.0 100.0 0,99 50 0.7 -70 0,16 0,9 0.3 1 60 -3445,801 -368,215 0,829 35 19 30,323
5000.0 100.0 0,99 50 0.7 -70 0,16 0,9 0.3 1 60 -7222,454 -543,689 0,866 81 42 31,011
1000.0 100.0 0,99 50 0.7 -150 0,18 0,92 0.3 1 60 -3549,801 -485,677 0,933 36 18 20,895
1000.0 100.0 0,99 50 0.7 -150 0,18 0,92 0.3 1 60 -4596,861 -291,331 0,937 46 25 21,274
1000.0 100.0 0,99 50 0.7 -150 0,18 0,92 0.3 1 60 -2722,996 -365,353 0,91 28 14 19,655
1000.0 1.0 0,99 30 0.7 -70 0,2 0,92 0.3 1 60 -1267,919 -296,451 0,786 10 5 29,049
1000.0 1.0 0,99 30 0.7 -70 0,2 0,92 0.3 1 60 -321,099 -11,225 0,744 0 0 29,456
1000.0 1.0 0,99 30 0.7 -70 0,2 0,92 0.3 1 60 -796,612 -241,606 0,711 5 3 29,19
1000.0 100.0 0,99 30 0.7 -110 0,18 0,94 0.3 1 60 -5996,401 -377,954 0,98 67 28 12,71
1000.0 100.0 0,99 30 0.7 -110 0,18 0,94 0.3 1 60 -5668,555 -420,191 0,986 62 34 13,479
1000.0 100.0 0,99 30 0.7 -110 0,18 0,94 0.3 1 60 -6024,141 -419,443 1,078 69 32 14,913
1000.0 100.0 0,99 30 0.7 -70 0,16 0,94 0.3 1 60 -5594,614 -317,83 1,051 53 31 13,334
1000.0 100.0 0,99 30 0.7 -70 0,16 0,94 0.3 1 60 -6455,714 -552,787 0,994 72 36 12,729
1000.0 100.0 0,99 30 0.7 -70 0,16 0,94 0.3 1 60 -9921,097 -543,301 1,023 106 54 14,846
1000.0 100.0 0,99 30 0.7 -150 0,14 0,9 0.3 1 60 -3604,264 -420,026 0,964 39 18 13,694
1000.0 100.0 0,99 30 0.7 -150 0,14 0,9 0.3 1 60 -5036,751 -377,349 0,985 55 26 13,237
1000.0 100.0 0,99 30 0.7 -150 0,14 0,9 0.3 1 60 -4545,88 -441,806 0,975 46 26 14,608
5000.0 100.0 0,99 30 0.7 -70 0,16 0,92 0.3 1 60 -5455,08 -353,268 0,888 61 28 21,333
5000.0 100.0 0,99 30 0.7 -70 0,16 0,92 0.3 1 60 -6599,348 -378,25 0,971 75 36 22,433
5000.0 100.0 0,99 30 0.7 -70 0,16 0,92 0.3 1 60 -2844,976 -301,343 0,94 28 14 21,251
5000.0 100.0 0,99 30 0.7 -70 0,14 0,94 0.3 1 60 -2755,105 -191,606 0,865 32 13 19,563
5000.0 100.0 0,99 30 0.7 -70 0,14 0,94 0.3 1 60 -5936,158 -630,688 0,842 63 32 19,415
5000.0 100.0 0,99 30 0.7 -70 0,14 0,94 0.3 1 60 -2830,818 -290,629 0,823 30 14 20,289
1000.0 10.0 0,99 50 0.7 -70 0,14 0,94 0.3 1 60 -2116,802 -207,695 0,851 23 9 32,748
1000.0 10.0 0,99 50 0.7 -70 0,14 0,94 0.3 1 60 -4072,436 -455,109 0,833 43 21 34,998
1000.0 10.0 0,99 50 0.7 -70 0,14 0,94 0.3 1 60 -2910,765 -313,363 0,862 28 17 33,452
2500.0 1.0 0,99 30 0.7 -70 0,16 0,9 0.3 1 60 -981,412 -251,184 0,779 8 3 34,601
2500.0 1.0 0,99 30 0.7 -70 0,16 0,9 0.3 1 60 -363,53 -6,565 0,819 0 0 33,169
2500.0 1.0 0,99 30 0.7 -70 0,16 0,9 0.3 1 60 -706,677 -127,335 0,698 8 1 30,48
1000.0 100.0 0,99 30 0.7 -110 0,14 0,94 0.3 1 60 -4713,123 -281,202 1,011 57 21 13,74
1000.0 100.0 0,99 30 0.7 -110 0,14 0,94 0.3 1 60 -4586,636 -353,008 1,034 57 19 14,288
1000.0 100.0 0,99 30 0.7 -110 0,14 0,94 0.3 1 60 -3479,3 -365,771 0,972 38 18 14,325
1000.0 100.0 0,99 50 0.7 -150 0,16 0,92 0.3 1 60 -3456,671 -291,294 0,942 40 16 20,24
1000.0 100.0 0,99 50 0.7 -150 0,16 0,92 0.3 1 60 -3748,316 -449,57 0,945 43 19 21,096
1000.0 100.0 0,99 50 0.7 -150 0,16 0,92 0.3 1 60 -2615,355 -367,729 0,939 23 13 21,218
2500.0 100.0 0,99 50 0.7 -50 0,14 0,9 0.3 1 60 -4072,132 -364,297 0,859 47 20 28,35
2500.0 100.0 0,99 50 0.7 -50 0,14 0,9 0.3 1 60 -2812,332 -378,774 0,774 31 14 26,883
2500.0 100.0 0,99 50 0.7 -50 0,14 0,9 0.3 1 60 -3489,564 -354,771 0,862 35 19 25,711
1000.0 100.0 0,99 50 0.7 -70 0,16 0,9 0.3 1 60 -7100,069 -416,166 0,867 81 36 20,569
1000.0 100.0 0,99 50 0.7 -70 0,16 0,9 0.3 1 60 -5335,419 -416,373 0,94 64 22 22,273
1000.0 100.0 0,99 50 0.7 -70 0,16 0,9 0.3 1 60 -4978,475 -723,115 0,846 46 32 20,896
5000.0 10.0 0,99 30 0.7 -70 0,2 0,92 0.3 1 60 -1357,106 -217,731 0,779 12 7 30,845
5000.0 10.0 0,99 30 0.7 -70 0,2 0,92 0.3 1 60 -2589,313 -290,036 0,886 27 13 30,622
5000.0 10.0 0,99 30 0.7 -70 0,2 0,92 0.3 1 60 -3561,962 -303,527 0,906 33 20 30,235
1000.0 10.0 0,99 30 0.7 -50 0,18 0,94 0.3 1 60 -3991,122 -575,797 0,834 39 23 22,282
1000.0 10.0 0,99 30 0.7 -50 0,18 0,94 0.3 1 60 -5625,294 -469,667 0,869 55 35 24,203
1000.0 10.0 0,99 30 0.7 -50 0,18 0,94 0.3 1 60 -5091,703 -469,346 0,888 58 29 23,462
2500.0 10.0 0,99 50 0.7 -110 0,14 0,92 0.3 1 60 -2569,591 -235,268 0,722 25 12 39,364
2500.0 10.0 0,99 50 0.7 -110 0,14 0,92 0.3 1 60 -1769,547 -203,344 0,706 21 7 39,389
2500.0 10.0 0,99 50 0.7 -110 0,14 0,92 0.3 1 60 -4178,394 -422,127 0,795 47 20 42,999
1000.0 100.0 0,99 50 0.7 -150 0,18 0,94 0.3 1 60 -3952,195 -252,171 0,921 39 24 20,312
1000.0 100.0 0,99 50 0.7 -150 0,18 0,94 0.3 1 60 -4763,218 -387,497 0,893 51 25 21,638
1000.0 100.0 0,99 50 0.7 -150 0,18 0,94 0.3 1 60 -5844,869 -367,989 0,971 59 33 21,114
1000.0 100.0 0,99 30 0.7 -150 0,18 0,92 0.3 1 60 -3314,519 -404,053 0,949 30 17 13,895
1000.0 100.0 0,99 30 0.7 -150 0,18 0,92 0.3 1 60 -7223,331 -532,341 1,049 70 48 14,856
1000.0 100.0 0,99 30 0.7 -150 0,18 0,92 0.3 1 60 -4957,105 -359,268 1,042 49 26 14,116
1000.0 1.0 0,99 30 0.7 -70 0,2 0,9 0.3 1 60 -641,969 -128,947 0,696 4 2 24,794
1000.0 1.0 0,99 30 0.7 -70 0,2 0,9 0.3 1 60 -341,417 -7,935 0,797 0 0 28,166
1000.0 1.0 0,99 30 0.7 -70 0,2 0,9 0.3 1 60 -587,907 -127,424 0,779 2 2 28,686
1000.0 1.0 0,99 50 0.7 -150 0,18 0,92 0.3 1 60 -611,367 -140,122 0,799 2 2 39,238
1000.0 1.0 0,99 50 0.7 -150 0,18 0,92 0.3 1 60 -282,501 -6,838 0,698 0 0 36,555
1000.0 1.0 0,99 50 0.7 -150 0,18 0,92 0.3 1 60 -317,503 -5,91 0,745 0 0 37,828
1000.0 100.0 0,99 30 0.7 -50 0,18 0,92 0.3 1 60 -3281,226 -293,343 1,083 36 15 13,763
1000.0 100.0 0,99 30 0.7 -50 0,18 0,92 0.3 1 60 -3339,873 -248,638 0,951 35 16 13,963
1000.0 100.0 0,99 30 0.7 -50 0,18 0,92 0.3 1 60 -5021,478 -303,757 1,006 47 28 13,505
1000.0 100.0 0,99 30 0.7 -70 0,16 0,9 0.3 1 60 -4470,209 -360,609 1,069 49 25 14,873
1000.0 100.0 0,99 30 0.7 -70 0,16 0,9 0.3 1 60 -5832,046 -532,322 0,877 67 32 14,409
1000.0 100.0 0,99 30 0.7 -70 0,16 0,9 0.3 1 60 -3812,167 -386,03 1,052 43 16 13,368
1000.0 100.0 0,99 30 0.7 -70 0,16 0,94 0.3 1 60 -6066,711 -311,325 1,012 59 36 13,379
1000.0 100.0 0,99 30 0.7 -70 0,16 0,94 0.3 1 60 -8114,395 -407,865 1,06 90 45 13,782
1000.0 100.0 0,99 30 0.7 -70 0,16 0,94 0.3 1 60 -4883,109 -338,987 1,018 52 25 14,682
5000.0 100.0 0,99 30 0.7 -110 0,2 0,94 0.3 1 60 -4881,444 -493,249 0,897 50 27 19,95
5000.0 100.0 0,99 30 0.7 -110 0,2 0,94 0.3 1 60 -2091,646 -240,535 0,929 21 11 21,077
5000.0 100.0 0,99 30 0.7 -110 0,2 0,94 0.3 1 60 -5612,309 -453,39 0,838 52 32 20,524
5000.0 100.0 0,99 30 0.7 -70 0,2 0,9 0.3 1 60 -5693,345 -547,704 0,971 64 32 22,006
5000.0 100.0 0,99 30 0.7 -70 0,2 0,9 0.3 1 60 -3005,275 -299,915 0,882 31 16 19,195
5000.0 100.0 0,99 30 0.7 -70 0,2 0,9 0.3 1 60 -3371,67 -274,057 0,826 31 21 20,559
5000.0 100.0 0,99 50 0.7 -150 0,16 0,92 0.3 1 60 -5162,162 -404,673 0,82 54 30 33,634
5000.0 100.0 0,99 50 0.7 -150 0,16 0,92 0.3 1 60 -4048,82 -257,558 0,849 48 19 32,174
5000.0 100.0 0,99 50 0.7 -150 0,16 0,92 0.3 1 60 -2964,248 -261,253 0,847 34 15 33,029
2500.0 100.0 0,99 50 0.7 -150 0,14 0,94 0.3 1 60 -4156,593 -296,78 0,757 42 23 25,135
2500.0 100.0 0,99 50 0.7 -150 0,14 0,94 0.3 1 60 -4484,425 -241,401 0,838 51 20 26,278
2500.0 100.0 0,99 50 0.7 -150 0,14 0,94 0.3 1 60 -2613,857 -278,212 0,805 27 11 25,39
1000.0 100.0 0,99 30 0.7 -150 0,18 0,94 0.3 1 60 -7657,568 -329,625 0,992 85 45 13,069
1000.0 100.0 0,99 30 0.7 -150 0,18 0,94 0.3 1 60 -5775,429 -375,29 1,021 65 28 13,55
1000.0 100.0 0,99 30 0.7 -150 0,18 0,94 0.3 1 60 -4913,099 -407,909 0,974 57 24 14,273
1000.0 100.0 0,99 30 0.7 -110 0,16 0,94 0.3 1 60 -4541,48 -397,586 0,878 54 20 13,842
1000.0 100.0 0,99 30 0.7 -110 0,16 0,94 0.3 1 60 -4781,248 -338,035 1,067 49 26 14,518
1000.0 100.0 0,99 30 0.7 -110 0,16 0,94 0.3 1 60 -5849,521 -384,198 0,982 74 26 14,486
1000.0 100.0 0,99 50 0.7 -150 0,18 0,92 0.3 1 60 -4589,017 -402,121 0,922 50 27 20,575
1000.0 100.0 0,99 50 0.7 -150 0,18 0,92 0.3 1 60 -5600,9 -625,944 0,958 58 33 21,331
1000.0 100.0 0,99 50 0.7 -150 0,18 0,92 0.3 1 60 -3417,781 -407,017 0,886 39 18 20,792
2500.0 1.0 0,99 30 0.7 -110 0,16 0,9 0.3 1 60 -329,284 -23,134 0,692 1 0 30,189
2500.0 1.0 0,99 30 0.7 -110 0,16 0,9 0.3 1 60 -486,135 -88,022 0,771 4 0 29,862
2500.0 1.0 0,99 30 0.7 -110 0,16 0,9 0.3 1 60 -337,295 -7,196 0,788 0 0 31,283
1000.0 1.0 0,99 30 0.7 -70 0,2 0,92 0.3 1 60 -2301,584 -456,03 0,8 24 12 31,292
1000.0 1.0 0,99 30 0.7 -70 0,2 0,92 0.3 1 60 -2561,227 -509,195 0,716 26 14 26,874
1000.0 1.0 0,99 30 0.7 -70 0,2 0,92 0.3 1 60 -301,721 -5,362 0,701 0 0 26,035
1000.0 1.0 0,99 50 0.7 -150 0,18 0,92 0.3 1 60 -306,569 -6,401 0,737 0 0 36,687
1000.0 1.0 0,99 50 0.7 -150 0,18 0,92 0.3 1 60 -292,172 -8,134 0,676 0 0 35,121
1000.0 1.0 0,99 50 0.7 -150 0,18 0,92 0.3 1 60 -329,433 -7,577 0,756 0 0 35,831
1000.0 10.0 0,99 30 0.7 -50 0,18 0,94 0.3 1 60 -1574,495 -242,715 0,798 13 8 23,52
1000.0 10.0 0,99 30 0.7 -50 0,18 0,94 0.3 1 60 -3648,574 -297,203 0,857 39 18 21,963
1000.0 10.0 0,99 30 0.7 -50 0,18 0,94 0.3 1 60 -4123,34 -302,064 0,914 42 22 23,813
1000.0 100.0 0,99 30 0.7 -150 0,14 0,9 0.3 1 60 -5408,287 -488,002 0,921 54 34 13,678
1000.0 100.0 0,99 30 0.7 -150 0,14 0,9 0.3 1 60 -6250,744 -350,716 1,019 61 38 15,525
1000.0 100.0 0,99 30 0.7 -150 0,14 0,9 0.3 1 60 -5010,115 -458,819 1,031 54 24 13,481
1000.0 100.0 0,99 30 0.7 -110 0,16 0,94 0.3 1 60 -6431,503 -253,567 0,862 79 30 14,002
1000.0 100.0 0,99 30 0.7 -110 0,16 0,94 0.3 1 60 -5523,997 -313,751 0,941 61 27 15,658
1000.0 100.0 0,99 30 0.7 -110 0,16 0,94 0.3 1 60 -2796,932 -417,809 0,93 27 15 15,537
1000.0 100.0 0,99 50 0.7 -150 0,16 0,9 0.3 1 60 -5750,974 -574,9 0,96 61 32 20,111
1000.0 100.0 0,99 50 0.7 -150 0,16 0,9 0.3 1 60 -3188,011 -200,43 0,931 36 13 20,777
1000.0 100.0 0,99 50 0.7 -150 0,16 0,9 0.3 1 60 -2079,307 -201,116 0,899 22 10 20,022
1000.0 100.0 0,99 30 0.7 -110 0,16 0,94 0.3 1 60 -4385,862 -323,425 1,018 44 24 13,778
1000.0 100.0 0,99 30 0.7 -110 0,16 0,94 0.3 1 60 -5957,355 -273,115 1,102 65 32 13,452
1000.0 100.0 0,99 30 0.7 -110 0,16 0,94 0.3 1 60 -4110,6 -267,12 1,063 59 15 15,033
5000.0 100.0 0,99 30 0.7 -70 0,2 0,94 0.3 1 60 -3142,899 -318,855 0,925 31 18 20,593
5000.0 100.0 0,99 30 0.7 -70 0,2 0,94 0.3 1 60 -3606,864 -264,787 0,972 40 19 20,435
5000.0 100.0 0,99 30 0.7 -70 0,2 0,94 0.3 1 60 -7971,385 -640,202 0,967 84 51 20,071
1000.0 100.0 0,99 30 0.7 -110 0,16 0,94 0.3 1 60 -5390,554 -587,534 0,915 52 32 13,251
1000.0 100.0 0,99 30 0.7 -110 0,16 0,94 0.3 1 60 -6749,448 -325,559 1,028 63 38 13,905
1000.0 100.0 0,99 30 0.7 -110 0,16 0,94 0.3 1 60 -2873,632 -306,778 0,825 31 13 12,822
5000.0 100.0 0,99 50 0.7 -110 0,2 0,92 0.3 1 60 -3674,639 -613,782 0,895 37 17 30,9
5000.0 100.0 0,99 50 0.7 -110 0,2 0,92 0.3 1 60 -2467,706 -299,184 0,889 27 10 32,872
5000.0 100.0 0,99 50 0.7 -110 0,2 0,92 0.3 1 60 -3809,382 -239,734 0,903 45 17 32,965
5000.0 100.0 0,99 30 0.7 -70 0,14 0,94 0.3 1 60 -3512,981 -303,855 0,974 39 17 20,788
5000.0 100.0 0,99 30 0.7 -70 0,14 0,94 0.3 1 60 -5013,095 -620,515 0,926 53 25 22,001
5000.0 100.0 0,99 30 0.7 -70 0,14 0,94 0.3 1 60 -4877,5 -420,29 0,881 51 26 20,512
1000.0 100.0 0,99 50 0.7 -70 0,2 0,9 0.3 1 60 -6298,12 -528,608 0,851 62 36 20,308
1000.0 100.0 0,99 50 0.7 -70 0,2 0,9 0.3 1 60 -1724,755 -160,787 0,905 17 7 19,433
1000.0 100.0 0,99 50 0.7 -70 0,2 0,9 0.3 1 60 -3423,771 -235,932 0,98 46 12 20,691
5000.0 10.0 0,99 30 0.7 -150 0,2 0,92 0.3 1 60 -2550,823 -261,09 0,92 23 16 31,051
5000.0 10.0 0,99 30 0.7 -150 0,2 0,92 0.3 1 60 -4107,453 -308,958 0,836 45 22 28,441
5000.0 10.0 0,99 30 0.7 -150 0,2 0,92 0.3 1 60 -2170,319 -253,225 0,808 26 9 28,035
1000.0 100.0 0,99 50 0.7 -150 0,16 0,92 0.3 1 60 -4561,845 -479,066 0,879 45 29 22,99
1000.0 100.0 0,99 50 0.7 -150 0,16 0,92 0.3 1 60 -5122,116 -393,947 0,852 52 29 21,421
1000.0 100.0 0,99 50 0.7 -150 0,16 0,92 0.3 1 60 -2096,202 -244,376 0,877 19 11 20,135
5000.0 10.0 0,99 30 0.7 -70 0,16 0,92 0.3 1 60 -2831,798 -243,82 0,833 33 11 28,082
5000.0 10.0 0,99 30 0.7 -70 0,16 0,92 0.3 1 60 -2535,629 -271,116 0,762 28 11 29,191
5000.0 10.0 0,99 30 0.7 -70 0,16 0,92 0.3 1 60 -3468,185 -351,93 0,783 32 21 29,208









1000.0 1.0 0,99 50 0.7 -150 0,18 0,92 0.3 1 60 -319,456 -7,232 0,754 0 0 32,81
1000.0 1.0 0,99 50 0.7 -150 0,18 0,92 0.3 1 60 -288,358 -6,045 0,711 0 0 28,221
1000.0 1.0 0,99 50 0.7 -150 0,18 0,92 0.3 1 60 -305,625 -7,196 0,734 0 0 27,453
1000.0 1.0 0,99 50 0.7 -150 0,18 0,94 0.3 1 60 -438,299 -83,185 0,684 2 1 27,681
1000.0 1.0 0,99 50 0.7 -150 0,18 0,94 0.3 1 60 -279,203 -6,604 0,703 0 0 27,373
1000.0 1.0 0,99 50 0.7 -150 0,18 0,94 0.3 1 60 -340,741 -7,038 0,823 0 0 28,205
5000.0 1.0 0,99 50 0.7 -70 0,18 0,9 0.3 1 60 -281,525 -6,426 0,68 0 0 35,07
5000.0 1.0 0,99 50 0.7 -70 0,18 0,9 0.3 1 60 -273,032 -6,483 0,673 0 0 35,621
5000.0 1.0 0,99 50 0.7 -70 0,18 0,9 0.3 1 60 -268,02 -6,582 0,659 0 0 39,628
1000.0 1.0 0,99 50 0.7 -110 0,14 0,9 0.3 1 60 -273,293 -7,734 0,678 0 0 30,573
1000.0 1.0 0,99 50 0.7 -110 0,14 0,9 0.3 1 60 -278,114 -6,02 0,678 0 0 29,554
1000.0 1.0 0,99 50 0.7 -110 0,14 0,9 0.3 1 60 -800,226 -260,743 0,681 5 3 28,902
1000.0 1.0 0,99 30 0.7 -50 0,14 0,94 0.3 1 60 -1500,414 -226,781 0,803 14 7 22,217
1000.0 1.0 0,99 30 0.7 -50 0,14 0,94 0.3 1 60 -1220,766 -165,171 0,773 11 5 24,942
1000.0 1.0 0,99 30 0.7 -50 0,14 0,94 0.3 1 60 -2539,625 -319,702 0,744 23 15 22,177
1000.0 1.0 0,99 30 0.7 -70 0,14 0,9 0.3 1 60 -1811,428 -314,628 0,786 15 11 23,886
1000.0 1.0 0,99 30 0.7 -70 0,14 0,9 0.3 1 60 -327,392 -7,055 0,744 0 0 21,532
1000.0 1.0 0,99 30 0.7 -70 0,14 0,9 0.3 1 60 -1482,663 -338,389 0,694 13 7 24,642
5000.0 1.0 0,99 30 0.7 -110 0,14 0,94 0.3 1 60 -792,761 -108,801 0,781 5 3 25,987
5000.0 1.0 0,99 30 0.7 -110 0,14 0,94 0.3 1 60 -881,102 -284,353 0,771 5 4 25,919
5000.0 1.0 0,99 30 0.7 -110 0,14 0,94 0.3 1 60 -329,818 -27,123 0,699 1 0 24,466
5000.0 1.0 0,99 30 0.7 -50 0,18 0,9 0.3 1 60 -493,405 -96,885 0,73 2 1 25,59
5000.0 1.0 0,99 30 0.7 -50 0,18 0,9 0.3 1 60 -561,583 -96,019 0,788 3 1 25,164
5000.0 1.0 0,99 30 0.7 -50 0,18 0,9 0.3 1 60 -304,989 -5,91 0,713 0 0 27,485
2500.0 1.0 0,99 30 0.7 -150 0,14 0,92 0.3 1 60 -340,826 -8,13 0,797 0 0 29,323
2500.0 1.0 0,99 30 0.7 -150 0,14 0,92 0.3 1 60 -316,048 -6,386 0,734 0 0 25,446
2500.0 1.0 0,99 30 0.7 -150 0,14 0,92 0.3 1 60 -858,678 -243,106 0,734 8 2 28,267
5000.0 1.0 0,99 50 0.7 -150 0,18 0,92 0.3 1 60 -288,278 -7,558 0,692 0 0 41,627
5000.0 1.0 0,99 50 0.7 -150 0,18 0,92 0.3 1 60 -257,636 -6,515 0,654 0 0 38,414
5000.0 1.0 0,99 50 0.7 -150 0,18 0,92 0.3 1 60 -256,45 -6,558 0,639 0 0 37,762
2500.0 1.0 0,99 30 0.7 -150 0,14 0,94 0.3 1 60 -313,257 -7,244 0,738 0 0 24,365
2500.0 1.0 0,99 30 0.7 -150 0,14 0,94 0.3 1 60 -297,711 -5,53 0,705 0 0 26,922
2500.0 1.0 0,99 30 0.7 -150 0,14 0,94 0.3 1 60 -340,913 -7,015 0,777 0 0 25,467
1000.0 1.0 0,99 30 0.7 -50 0,14 0,9 0.3 1 60 -809,176 -146,961 0,741 9 2 27,011
1000.0 1.0 0,99 30 0.7 -50 0,14 0,9 0.3 1 60 -347,788 -24,858 0,695 1 0 22,298
1000.0 1.0 0,99 30 0.7 -50 0,14 0,9 0.3 1 60 -363,893 -24,027 0,716 1 0 22,537
2500.0 1.0 0,99 30 0.7 -70 0,2 0,92 0.3 1 60 -1295,851 -279,639 0,713 14 5 23,938
2500.0 1.0 0,99 30 0.7 -70 0,2 0,92 0.3 1 60 -460,47 -94,656 0,668 2 1 26,823
2500.0 1.0 0,99 30 0.7 -70 0,2 0,92 0.3 1 60 -832,507 -275,708 0,676 5 4 25,707
1000.0 1.0 0,99 30 0.7 -70 0,14 0,94 0.3 1 60 -847,986 -202,243 0,765 8 2 22,962
1000.0 1.0 0,99 30 0.7 -70 0,14 0,94 0.3 1 60 -654,33 -105,664 0,738 4 2 22,604
1000.0 1.0 0,99 30 0.7 -70 0,14 0,94 0.3 1 60 -984,719 -237,829 0,748 9 3 23,927
5000.0 1.0 0,99 50 0.7 -110 0,2 0,9 0.3 1 60 -250,105 -6,69 0,655 0 0 53,895
5000.0 1.0 0,99 50 0.7 -50 0,16 0,92 0.3 1 60 -243,284 -5,172 0,619 0 0 52,487
5000.0 1.0 0,99 30 0.7 -110 0,18 0,92 0.3 1 60 -304,033 -7,577 0,713 0 0 34,211
1000.0 1.0 0,99 30 0.7 -50 0,16 0,9 0.3 1 60 -474,634 -82,751 0,694 2 1 31,099
2500.0 1.0 0,99 50 0.7 -150 0,18 0,92 0.3 1 60 -305,02 -5,763 0,715 0 0 46,852
