500 0,1 0,99 30 0.7 -60 0.1 0.9 0.3 1 60 -2202,961 -327,937 0,813 18 13 30,589
500 0,1 0,99 30 0.7 -60 0.1 0.9 0.3 1 60 -4579,804 -349,271 0,781 57 21 25,796
500 0,1 0,99 30 0.7 -60 0.1 0.9 0.3 1 60 -4050,145 -308,25 0,885 43 21 27,422
541 0,1 0,99 30 0.7 -60 0.1 0.9 0.3 1 60 -2373,142 -250,144 0,884 23 12 27,022
541 0,1 0,99 30 0.7 -60 0.1 0.9 0.3 1 60 -2105,838 -260,942 0,838 19 11 26,719
541 0,1 0,99 30 0.7 -60 0.1 0.9 0.3 1 60 -2854,294 -236,428 0,854 33 15 24,48
500 0,108 0,99 30 0.7 -60 0.1 0.9 0.3 1 60 -3467,95 -400,049 0,778 34 19 25,859
500 0,108 0,99 30 0.7 -60 0.1 0.9 0.3 1 60 -4733,287 -364,686 0,934 52 23 25,174
500 0,108 0,99 30 0.7 -60 0.1 0.9 0.3 1 60 -3730,595 -301,384 0,745 41 21 25,841
500 0,1 0,99 32 0.7 -60 0.1 0.9 0.3 1 60 -5824,034 -359,009 0,818 61 36 29,366
500 0,1 0,99 32 0.7 -60 0.1 0.9 0.3 1 60 -1656,876 -275,612 0,915 15 7 27,715
500 0,1 0,99 32 0.7 -60 0.1 0.9 0.3 1 60 -3059,759 -218,959 0,823 34 14 27,904
500 0,1 0,99 30 0.7 -65 0.1 0.9 0.3 1 60 -5035,608 -303,783 0,879 55 24 26,606
500 0,1 0,99 30 0.7 -65 0.1 0.9 0.3 1 60 -3787,174 -313,86 0,817 40 19 25,676
500 0,1 0,99 30 0.7 -65 0.1 0.9 0.3 1 60 -5029,108 -420,006 0,834 55 29 25,554
500 0,1 0,99 30 0.7 -60 0.10833333333333335 0.9 0.3 1 60 -2134,868 -192,908 0,776 30 6 26,911
500 0,1 0,99 30 0.7 -60 0.10833333333333335 0.9 0.3 1 60 -5115,242 -390,918 0,931 55 26 27,598
500 0,1 0,99 30 0.7 -60 0.10833333333333335 0.9 0.3 1 60 -3560,409 -387,194 0,881 37 20 27,878
500 0,1 0,99 30 0.7 -60 0.1 0.9750000000000002 0.3 1 60 -3404,449 -308,681 0,815 33 16 26,237
500 0,1 0,99 30 0.7 -60 0.1 0.9750000000000002 0.3 1 60 -4829,008 -500,587 0,825 52 24 32,014
500 0,1 0,99 30 0.7 -60 0.1 0.9750000000000002 0.3 1 60 -1798,373 -264,764 0,698 18 7 31,745
458 0,1 0,99 30 0.7 -60 0.1 0.9 0.3 1 60 -5112,126 -402,86 0,852 64 25 30,608
458 0,1 0,99 30 0.7 -60 0.1 0.9 0.3 1 60 -4742,21 -398,101 0,787 53 22 27,799
458 0,1 0,99 30 0.7 -60 0.1 0.9 0.3 1 60 -4448,353 -466,284 0,788 47 25 26,376
500 0,092 0,99 30 0.7 -60 0.1 0.9 0.3 1 60 -5679,399 -536,667 0,819 51 37 26,058
500 0,1 0,99 30 0.7 -60 0,1 0,9 0.3 1 60 -1332,274 -260,322 0,899 14 5 28,529
500 0,1 0,99 30 0.7 -60 0,1 0,9 0.3 1 60 -5017,752 -464,002 0,858 53 31 27,381
500 0,1 0,99 30 0.7 -60 0,1 0,9 0.3 1 60 -4308,355 -505,901 0,8 50 20 28,62
541 0,1 0,99 30 0.7 -60 0,1 0,9 0.3 1 60 -3114,791 -264,374 0,807 36 14 28,019
541 0,1 0,99 30 0.7 -60 0,1 0,9 0.3 1 60 -5293,604 -314,144 0,841 57 28 28,944
541 0,1 0,99 30 0.7 -60 0,1 0,9 0.3 1 60 -3404,038 -324,918 0,837 34 19 29,228
500 0,108 0,99 30 0.7 -60 0,1 0,9 0.3 1 60 -3337,927 -421,725 0,827 36 15 28,591
500 0,108 0,99 30 0.7 -60 0,1 0,9 0.3 1 60 -3211,004 -301,977 0,787 33 17 28,789
500 0,108 0,99 30 0.7 -60 0,1 0,9 0.3 1 60 -3277,146 -323,595 0,839 36 15 29,493
500 0,1 0,99 32 0.7 -60 0,1 0,9 0.3 1 60 -2531,904 -350,926 0,827 26 13 33,919
500 0,1 0,99 32 0.7 -60 0,1 0,9 0.3 1 60 -3082,538 -288,772 0,764 35 15 42,68
500 0,1 0,99 32 0.7 -60 0,1 0,9 0.3 1 60 -3387,254 -307,888 0,86 43 14 76,82
500 0,1 0,99 30 0.7 -65 0,1 0,9 0.3 1 60 -5025,714 -414,708 0,869 55 28 57,406
500 0,1 0,99 30 0.7 -65 0,1 0,9 0.3 1 60 -2265,73 -221,691 0,766 29 8 35,853
500 0,1 0,99 30 0.7 -65 0,1 0,9 0.3 1 60 -4571,634 -316,578 0,837 48 24 34,368
500 0,1 0,99 30 0.7 -60 0,108 0,9 0.3 1 60 -4935,277 -429,005 0,872 59 26 28,311
500 0,1 0,99 30 0.7 -60 0,108 0,9 0.3 1 60 -3914,041 -323,734 0,887 39 20 31,814
500 0,1 0,99 30 0.7 -60 0,108 0,9 0.3 1 60 -2745,927 -280,804 0,834 27 14 28,974
500 0,1 0,99 30 0.7 -60 0,1 0,975 0.3 1 60 -3912,435 -400,58 0,873 42 24 28,425
500 0,1 0,99 30 0.7 -60 0,1 0,975 0.3 1 60 -2617,356 -268,429 0,79 29 14 31,734
500 0,1 0,99 30 0.7 -60 0,1 0,975 0.3 1 60 -3657,644 -541,719 0,818 42 18 28,415
458 0,1 0,99 30 0.7 -60 0,1 0,9 0.3 1 60 -3512,623 -265,984 0,876 35 19 30,053
458 0,1 0,99 30 0.7 -60 0,1 0,9 0.3 1 60 -4204,361 -276,093 0,931 43 22 29,411
458 0,1 0,99 30 0.7 -60 0,1 0,9 0.3 1 60 -1977,315 -320,152 0,704 18 10 36,301
500 0,1 0,99 30 0.7 -60 0,2 0,9 0.3 1 60 -5941,72 -568,426 0,826 59 39 41,678
500 0,092 0,99 30 0.7 -60 0,1 0,9 0.3 1 60 -3462,604 -396,551 0,81 39 16 38,503
500 0,1 0,99 30 0.7 -60 0,2 0,9 0.3 1 60 -3310,171 -360,194 0,796 33 17 34,919
500 0,092 0,99 30 0.7 -60 0,1 0,9 0.3 1 60 -2949,942 -357,487 0,805 35 14 35,553
500 0,1 0,99 30 0.7 -60 0,2 0,9 0.3 1 60 -3297,123 -274,412 0,803 40 14 33,826
500 0,092 0,99 30 0.7 -60 0,1 0,9 0.3 1 60 -4112,019 -394,247 0,87 43 21 36,903
523 0,1 0,99 30 0.7 -60 0,2 0,9 0.3 1 60 -6455,499 -468,284 0,863 62 40 35,027
500 0,1 0,99 27 0.7 -60 0,1 0,9 0.3 1 60 -4820,692 -312,744 0,809 51 28 31,241
523 0,1 0,99 30 0.7 -60 0,2 0,9 0.3 1 60 -3357,969 -285,719 0,826 41 13 31,976
500 0,1 0,99 27 0.7 -60 0,1 0,9 0.3 1 60 -3152,737 -304,069 0,906 30 17 30,648
523 0,1 0,99 30 0.7 -60 0,2 0,9 0.3 1 60 -2968,933 -693,178 0,786 30 16 36,114
500 0,1 0,99 27 0.7 -60 0,1 0,9 0.3 1 60 -3816,417 -255,053 0,964 46 16 33,229
500 0,105 0,99 30 0.7 -60 0,2 0,9 0.3 1 60 -1528,164 -329,863 0,771 13 8 32,742
500 0,1 0,99 30 0.7 -55 0,1 0,9 0.3 1 60 -3299,743 -360,228 0,722 37 18 35,568
500 0,105 0,99 30 0.7 -60 0,2 0,9 0.3 1 60 -3294,965 -329,888 0,731 35 19 36,505
500 0,1 0,99 30 0.7 -55 0,1 0,9 0.3 1 60 -3504,382 -416,191 0,811 34 20 33,915
500 0,1 0,99 30 0.7 -55 0,1 0,9 0.3 1 60 -5098,239 -336,148 0,92 53 30 33,663
500 0,1 0,99 30 0.7 -60 0,092 0,9 0.3 1 60 -3697,631 -331,066 0,775 40 19 29,499
500 0,1 0,99 30 0.7 -60 0,092 0,9 0.3 1 60 -4663,466 -423,3 0,825 44 30 32,914
500 0,1 0,99 30 0.7 -60 0,092 0,9 0.3 1 60 -2194,567 -252,129 0,873 20 11 32,552
500 0,1 0,99 30 0.7 -60 0,1 0,825 0.3 1 60 -4229,761 -297,885 0,833 47 20 31,352
500 0,1 0,99 30 0.7 -60 0,1 0,825 0.3 1 60 -5624,46 -274,027 0,851 66 31 31,517
500 0,1 0,99 30 0.7 -60 0,1 0,825 0.3 1 60 -6391,628 -356,515 0,87 78 32 35,325
458 0,108 0,99 30 0.7 -60 0,1 0,9 0.3 1 60 -2512,047 -296,002 0,799 21 13 34,841
458 0,108 0,99 30 0.7 -60 0,1 0,9 0.3 1 60 -2394,382 -276,84 0,757 24 12 38,266
500 1 0,995 30 0.7 -100 0,99 0,3 0.3 1 60 -2041,71 -297,986 0,57 21 11 41,673
458 0,108 0,99 30 0.7 -60 0,1 0,9 0.3 1 60 -2004,588 -239,322 0,785 20 9 34,681
500 1 0,995 30 0.7 -100 0,99 0,3 0.3 1 60 -1698,145 -200,92 0,638 16 9 37,44
500 0,108 0,99 32 0.7 -60 0,1 0,9 0.3 1 60 -7331,498 -823,257 0,793 75 47 38,749
500 1 0,995 30 0.7 -100 0,99 0,3 0.3 1 60 -1969,779 -176,017 0,66 27 6 36,358
500 0,108 0,99 32 0.7 -60 0,1 0,9 0.3 1 60 -2959,727 -287,428 0,803 31 14 38,052
533 1 0,995 30 0.7 -100 0,99 0,3 0.3 1 60 -1481,984 -252,088 0,68 17 6 38,263
500 0,108 0,99 32 0.7 -60 0,1 0,9 0.3 1 60 -3784,946 -297,418 0,827 42 21 40,235
533 1 0,995 30 0.7 -100 0,99 0,3 0.3 1 60 -1740,766 -318,592 0,648 18 8 37,003
500 0,1 0,99 32 0.7 -65 0,1 0,9 0.3 1 60 -4203,516 -370,455 0,778 39 26 34,842
533 1 0,995 30 0.7 -100 0,99 0,3 0.3 1 60 -549,572 -85,031 0,741 5 0 36,773
500 0,1 0,99 32 0.7 -65 0,1 0,9 0.3 1 60 -2818,803 -237,447 0,78 33 14 34,298
500 1 0,995 32 0.7 -100 0,99 0,3 0.3 1 60 -1020,172 -157,469 0,606 10 4 35,496
500 0,1 0,99 32 0.7 -65 0,1 0,9 0.3 1 60 -2919,304 -270,021 0,86 33 14 37,744
500 1 0,995 32 0.7 -100 0,99 0,3 0.3 1 60 -751,614 -100,253 0,666 6 2 40,82
500 0,1 0,99 30 0.7 -65 0,092 0,9 0.3 1 60 -5224,417 -425,566 0,808 52 32 40,83
500 1 0,995 32 0.7 -100 0,99 0,3 0.3 1 60 -1760,664 -291,022 0,652 17 10 39,981
500 0,1 0,99 30 0.7 -65 0,092 0,9 0.3 1 60 -3306,702 -259,969 0,854 35 17 36,073
500 1 0,995 30 0.7 -106 0,99 0,3 0.3 1 60 -1268,381 -222,124 0,68 11 6 35,534
500 0,1 0,99 30 0.7 -65 0,092 0,9 0.3 1 60 -2930,917 -402,685 0,85 31 14 35,763
500 1 0,995 30 0.7 -106 0,99 0,3 0.3 1 60 -1005,906 -133,174 0,718 13 1 36,39
500 0,1 0,99 30 0.7 -60 0,092 0,975 0.3 1 60 -4471,408 -350,116 0,806 48 26 34,914
500 1 0,995 30 0.7 -106 0,99 0,3 0.3 1 60 -1048,472 -133,693 0,696 9 3 33,634
500 0,1 0,99 30 0.7 -60 0,092 0,975 0.3 1 60 -3125,561 -354,385 0,899 35 13 30,839
500 0,1 0,99 30 0.7 -60 0,092 0,975 0.3 1 60 -4178,564 -315,016 0,815 47 22 29,116
458 0,1 0,99 30 0.7 -60 0,1 0,975 0.3 1 60 -3204,758 -487,243 0,853 32 21 25,627
458 0,1 0,99 30 0.7 -60 0,1 0,975 0.3 1 60 -3157,999 -361,044 0,782 39 13 29,267
458 0,1 0,99 30 0.7 -60 0,1 0,975 0.3 1 60 -2582,122 -208,6 0,803 30 12 29,036
458 0,1 0,99 32 0.7 -60 0,1 0,9 0.3 1 60 -3161,817 -400,243 0,914 33 16 30,649
458 0,1 0,99 32 0.7 -60 0,1 0,9 0.3 1 60 -3775,736 -291,609 0,806 41 22 29,036
458 0,1 0,99 32 0.7 -60 0,1 0,9 0.3 1 60 -5351,753 -505,931 0,759 56 32 30,179
442 0,112 0,99 28 0.7 -59 0,1 0,911 0.3 1 60 -2584,991 -193,658 0,86 33 8 30,647
442 0,112 0,99 28 0.7 -59 0,1 0,911 0.3 1 60 -2882,125 -264,311 0,957 32 14 41,132
500 1 0,995 30 0.7 -100 0,963 0,3 0.3 1 60 -2737,855 -312,743 0,712 28 12 48,197
442 0,112 0,99 28 0.7 -59 0,1 0,911 0.3 1 60 -2291,217 -269,04 0,853 21 12 40,093
500 1 0,995 30 0.7 -100 0,963 0,3 0.3 1 60 -552,043 -142,966 0,638 4 1 40,814
466 0,105 0,99 30 0.7 -60 0,099 0,92 0.3 1 60 -4177,702 -280,2 0,817 49 23 36,353
500 1 0,995 30 0.7 -100 0,963 0,3 0.3 1 60 -1281,196 -168,898 0,65 13 5 34,294
466 0,105 0,99 30 0.7 -60 0,099 0,92 0.3 1 60 -3296,02 -281,351 0,825 36 19 33,342
518 1 0,995 30 0.7 -100 0,963 0,3 0.3 1 60 -1500,338 -272,762 0,645 18 6 35,72
466 0,105 0,99 30 0.7 -60 0,099 0,92 0.3 1 60 -5703,883 -407,537 0,905 57 32 34,304
518 1 0,995 30 0.7 -100 0,963 0,3 0.3 1 60 -1672,861 -252,411 0,689 17 9 34,09
450 0,108 0,99 30 0.7 -60 0,1 0,905 0.3 1 60 -3831,907 -382,081 0,786 42 20 33,186
518 1 0,995 30 0.7 -100 0,963 0,3 0.3 1 60 -1301,001 -225,457 0,654 17 4 35,082
450 0,108 0,99 30 0.7 -60 0,1 0,905 0.3 1 60 -1325,787 -133,239 0,721 16 4 32,945
500 1 0,995 31 0.7 -100 0,963 0,3 0.3 1 60 -955,4 -139,62 0,611 11 3 35,508
450 0,108 0,99 30 0.7 -60 0,1 0,905 0.3 1 60 -3966,346 -417,353 0,756 43 20 29,461
500 1 0,995 31 0.7 -100 0,963 0,3 0.3 1 60 -2142,353 -314,092 0,708 20 12 34,482
457 0,109 0,99 29 0.7 -59 0,101 0,887 0.3 1 60 -2815,213 -392,232 0,809 31 16 30,537
500 1 0,995 31 0.7 -100 0,963 0,3 0.3 1 60 -2882,982 -310,465 0,695 31 14 34,315
457 0,109 0,99 29 0.7 -59 0,101 0,887 0.3 1 60 -3586,33 -314,236 0,867 40 18 33,718
500 1 0,995 30 0.7 -103 0,963 0,3 0.3 1 60 -886,656 -126,668 0,705 5 6 34,526
457 0,109 0,99 29 0.7 -59 0,101 0,887 0.3 1 60 -2318,139 -308,197 0,784 24 9 31,42
500 1 0,995 30 0.7 -103 0,963 0,3 0.3 1 60 -2641,142 -370,392 0,73 26 15 33,881
457 0,108 0,99 29 0.7 -60 0,1 0,896 0.3 1 60 -3844,781 -376,227 0,796 46 20 32,323
500 1 0,995 30 0.7 -103 0,963 0,3 0.3 1 60 -2641,397 -486,546 0,692 23 14 33,479
457 0,108 0,99 29 0.7 -60 0,1 0,896 0.3 1 60 -3766,484 -473,459 0,778 43 21 32,836
500 1 0,995 30 0.7 -100 0,999 0,3 0.3 1 60 -1024,538 -170,723 0,658 10 4 35,199
457 0,108 0,99 29 0.7 -60 0,1 0,896 0.3 1 60 -3241,663 -266,842 0,866 38 11 33,916
500 1 0,995 30 0.7 -100 0,999 0,3 0.3 1 60 -1258,403 -189,223 0,637 13 5 31,471
458 0,109 0,99 30 0.7 -60 0,1 0,902 0.3 1 60 -1248,361 -150,839 0,856 12 4 32,938
500 1 0,995 30 0.7 -100 0,999 0,3 0.3 1 60 -1789,334 -229,677 0,698 18 11 32,365
458 0,109 0,99 30 0.7 -60 0,1 0,902 0.3 1 60 -4343,146 -281,636 0,818 48 23 33,697
500 1 0,995 30 0.7 -100 0,963 0,311 0.3 1 60 -1852,458 -297,305 0,677 16 10 33,862
458 0,109 0,99 30 0.7 -60 0,1 0,902 0.3 1 60 -5668,816 -374,074 0,868 57 33 34,333
500 1 0,995 30 0.7 -100 0,963 0,311 0.3 1 60 -537,528 -135,514 0,651 3 1 35,002
460 0,108 0,99 30 0.7 -60 0,1 0,9 0.3 1 60 -4456,384 -385,085 0,849 47 24 35,461
500 1 0,995 30 0.7 -100 0,963 0,311 0.3 1 60 -2226,397 -320,051 0,682 23 10 37,327
460 0,108 0,99 30 0.7 -60 0,1 0,9 0.3 1 60 -2457,747 -291,363 0,824 23 13 34,055
481 1 0,995 30 0.7 -100 0,963 0,3 0.3 1 60 -1807,722 -211,865 0,622 20 7 30,757
460 0,108 0,99 30 0.7 -60 0,1 0,9 0.3 1 60 -3090,455 -278,457 0,766 34 14 34,51
481 1 0,995 30 0.7 -100 0,963 0,3 0.3 1 60 -1867,844 -299,611 0,603 23 6 33,772
458 0,108 0,99 29 0.7 -59 0,1 0,903 0.3 1 60 -2851,852 -320,402 0,803 28 15 33,799
481 1 0,995 30 0.7 -100 0,963 0,3 0.3 1 60 -2208,649 -198,068 0,694 26 10 35,528
458 0,108 0,99 29 0.7 -59 0,1 0,903 0.3 1 60 -3627,34 -398,854 0,851 40 18 34,865
500 1 0,995 28 0.7 -100 0,963 0,3 0.3 1 60 -772,778 -123,571 0,704 9 1 30,772
458 0,108 0,99 29 0.7 -59 0,1 0,903 0.3 1 60 -6005,163 -408,344 0,785 64 36 35,741
500 1 0,995 28 0.7 -100 0,963 0,3 0.3 1 60 -2178,314 -306,103 0,658 21 12 32,576
458 0,108 0,99 29 0.7 -60 0,101 0,9 0.3 1 60 -2504,491 -279,814 0,831 22 13 31,416
500 1 0,995 28 0.7 -100 0,963 0,3 0.3 1 60 -1695,894 -263,908 0,695 18 8 34,409
458 0,108 0,99 29 0.7 -60 0,101 0,9 0.3 1 60 -3943,723 -323,399 0,873 40 22 31,847
500 1 0,995 30 0.7 -96 0,963 0,3 0.3 1 60 -1612,334 -290,097 0,686 16 7 33,928
458 0,108 0,99 29 0.7 -60 0,101 0,9 0.3 1 60 -3664,345 -263,338 0,863 46 16 32,251
500 1 0,995 30 0.7 -96 0,963 0,3 0.3 1 60 -1997,98 -311,588 0,681 22 9 34,611
458 0,109 0,99 30 0.7 -59 0,1 0,896 0.3 1 60 -4641,134 -293,92 0,843 44 29 31,089
500 1 0,995 30 0.7 -96 0,963 0,3 0.3 1 60 -2612,956 -268,563 0,747 22 19 34,534
458 0,109 0,99 30 0.7 -59 0,1 0,896 0.3 1 60 -5162,54 -361,326 0,913 46 34 32,937
500 1 0,995 30 0.7 -100 0,927 0,3 0.3 1 60 -1462,528 -240,607 0,648 17 4 32,56
458 0,109 0,99 30 0.7 -59 0,1 0,896 0.3 1 60 -7214,766 -551,709 0,811 80 41 34,241
500 1 0,995 30 0.7 -100 0,927 0,3 0.3 1 60 -3131,438 -455,169 0,69 34 17 35,624
460 0,108 0,99 30 0.7 -60 0,1 0,9 0.3 1 60 -3180,035 -430,741 0,826 35 17 31,065
500 1 0,995 30 0.7 -100 0,927 0,3 0.3 1 60 -1741,64 -241,515 0,681 16 10 33,573
460 0,108 0,99 30 0.7 -60 0,1 0,9 0.3 1 60 -2555,937 -299,811 0,857 27 12 37,149
510 1 0,995 29 0.7 -100 0,995 0,299 0.3 1 60 -1367,886 -247,318 0,628 12 7 32,106
460 0,108 0,99 30 0.7 -60 0,1 0,9 0.3 1 60 -2532,764 -223,046 0,837 29 10 33,529
457 0,108 0,99 29 0.7 -60 0,1 0,902 0.3 1 60 -3265,66 -346,452 0,943 35 17 32,266
510 1 0,995 29 0.7 -100 0,995 0,299 0.3 1 60 -2959,069 -277,607 0,707 31 16 40,326
457 0,108 0,99 29 0.7 -60 0,1 0,902 0.3 1 60 -3873,995 -283,69 0,746 42 21 31,527
510 1 0,995 29 0.7 -100 0,995 0,299 0.3 1 60 -1008,086 -197,088 0,704 8 4 33,113
457 0,108 0,99 29 0.7 -60 0,1 0,902 0.3 1 60 -5351,811 -334,129 0,842 59 30 36,641
492 1 0,995 30 0.7 -100 0,999 0,303 0.3 1 60 -719,567 -134,752 0,628 9 1 32,341
460 0,108 0,99 29 0.7 -60 0,1 0,9 0.3 1 60 -3305,464 -318,545 0,782 33 20 31,484
492 1 0,995 30 0.7 -100 0,999 0,303 0.3 1 60 -1437,33 -294,131 0,646 13 7 33,769
460 0,108 0,99 29 0.7 -60 0,1 0,9 0.3 1 60 -4057,027 -441,973 0,834 42 19 30,989
492 1 0,995 30 0.7 -100 0,999 0,303 0.3 1 60 -1877,388 -304,27 0,549 21 7 31,141
460 0,108 0,99 29 0.7 -60 0,1 0,9 0.3 1 60 -4460,343 -422,339 0,845 44 23 34,108
493 1 0,995 30 0.7 -99 0,999 0,298 0.3 1 60 -1272,403 -197,823 0,657 12 6 31,798
493 1 0,995 30 0.7 -99 0,999 0,298 0.3 1 60 -1366,083 -315,402 0,638 14 5 31,194
455 0,109 0,99 29 0.7 -60 0,1 0,898 0.3 1 60 -2359,202 -209,147 0,831 28 10 32,932
455 0,109 0,99 29 0.7 -60 0,1 0,898 0.3 1 60 -3181,588 -383,717 0,817 32 17 30,102
493 1 0,995 30 0.7 -99 0,999 0,298 0.3 1 60 -981,227 -203,624 0,664 11 4 33,913
455 0,109 0,99 29 0.7 -60 0,1 0,898 0.3 1 60 -1863,272 -400,488 0,81 18 9 31,855
491 1 0,995 30 0.7 -99 0,999 0,287 0.3 1 60 -2263,499 -286,624 0,616 22 11 31,44
491 1 0,995 30 0.7 -99 0,999 0,287 0.3 1 60 -1358,177 -260,291 0,593 14 5 31,74
460 0,108 0,99 30 0.7 -59 0,1 0,9 0.3 1 60 -3933,418 -315,693 0,885 42 21 35,962
460 0,108 0,99 30 0.7 -59 0,1 0,9 0.3 1 60 -7399,415 -417,382 0,873 74 44 32,066
491 1 0,995 30 0.7 -99 0,999 0,287 0.3 1 60 -2564,718 -255,681 0,799 27 13 36,485
460 0,108 0,99 30 0.7 -59 0,1 0,9 0.3 1 60 -2804,17 -217,566 0,776 33 13 32,801
494 1 0,995 30 0.7 -99 0,995 0,298 0.3 1 60 -492,475 -125,628 0,58 3 1 31,094
457 0,108 0,99 30 0.7 -59 0,1 0,906 0.3 1 60 -5510,386 -358,537 0,904 55 32 34,25
494 1 0,995 30 0.7 -99 0,995 0,298 0.3 1 60 -1734,827 -340,268 0,683 17 8 35,348
457 0,108 0,99 30 0.7 -59 0,1 0,906 0.3 1 60 -4696,506 -290,147 0,875 50 25 33,793
494 1 0,995 30 0.7 -99 0,995 0,298 0.3 1 60 -1719,948 -305,637 0,657 16 9 33,991
457 0,108 0,99 30 0.7 -59 0,1 0,906 0.3 1 60 -2884,866 -263,271 0,876 30 18 33,129
493 1 0,995 30 0.7 -99 0,999 0,301 0.3 1 60 -1470,665 -244,748 0,691 16 6 34,798
455 0,109 0,99 30 0.7 -60 0,1 0,9 0.3 1 60 -3266,492 -299,646 0,852 36 16 32,654
493 1 0,995 30 0.7 -99 0,999 0,301 0.3 1 60 -1260,539 -315,631 0,647 11 5 35,02
455 0,109 0,99 30 0.7 -60 0,1 0,9 0.3 1 60 -4935,038 -424,817 0,817 59 24 33,297
493 1 0,995 30 0.7 -99 0,999 0,301 0.3 1 60 -576,059 -123,537 0,677 6 1 32,084
455 0,109 0,99 30 0.7 -60 0,1 0,9 0.3 1 60 -1946,854 -288,299 0,85 20 9 34,347
489 1 0,995 30 0.7 -99 0,999 0,304 0.3 1 60 -1102,179 -271,916 0,639 9 7 31,614
461 0,109 0,99 29 0.7 -59 0,1 0,897 0.3 1 60 -4916,872 -383,777 0,831 57 25 39,595
489 1 0,995 30 0.7 -99 0,999 0,304 0.3 1 60 -734,657 -256,032 0,573 5 3 38,907
489 1 0,995 30 0.7 -99 0,999 0,304 0.3 1 60 -871,297 -237,719 0,639 7 4 32,162
461 0,109 0,99 29 0.7 -59 0,1 0,897 0.3 1 60 -4473,31 -405,734 0,902 38 29 34,727
461 0,109 0,99 29 0.7 -59 0,1 0,897 0.3 1 60 -2358,914 -219,747 0,75 23 12 31,497
477 1 0,995 29 0.7 -99 0,999 0,306 0.3 1 60 -2603,709 -326,25 0,752 26 14 33,534
477 1 0,995 29 0.7 -99 0,999 0,306 0.3 1 60 -1024,19 -165,276 0,684 10 4 31,663
455 0,109 0,99 30 0.7 -60 0,1 0,904 0.3 1 60 -2749,535 -299,536 0,8 27 16 33,225
455 0,109 0,99 30 0.7 -60 0,1 0,904 0.3 1 60 -1768,538 -209,113 0,848 19 8 32,584
477 1 0,995 29 0.7 -99 0,999 0,306 0.3 1 60 -1673,041 -179,031 0,692 19 7 35,3
455 0,109 0,99 30 0.7 -60 0,1 0,904 0.3 1 60 -2642,414 -360,686 0,689 32 11 31,34
490 1 0,995 29 0.7 -99 0,995 0,303 0.3 1 60 -883,691 -219,916 0,64 7 4 32,154
455 0,108 0,99 30 0.7 -59 0,1 0,901 0.3 1 60 -6249,899 -280,783 0,886 67 35 33,531
490 1 0,995 29 0.7 -99 0,995 0,303 0.3 1 60 -1310,96 -313,291 0,728 9 7 32,538
455 0,108 0,99 30 0.7 -59 0,1 0,901 0.3 1 60 -3091,047 -369,586 0,799 41 14 32,414
490 1 0,995 29 0.7 -99 0,995 0,303 0.3 1 60 -1531,369 -281,315 0,638 12 9 32,322
455 0,108 0,99 30 0.7 -59 0,1 0,901 0.3 1 60 -2182,273 -272,353 0,81 23 9 31,849
485 1 0,995 30 0.7 -99 0,999 0,306 0.3 1 60 -1109,751 -212,858 0,656 12 4 34,421
458 0,108 0,99 30 0.7 -60 0,1 0,905 0.3 1 60 -3792,756 -365,741 0,788 41 20 35,308
485 1 0,995 30 0.7 -99 0,999 0,306 0.3 1 60 -1668,93 -401,71 0,688 17 7 32,319
458 0,108 0,99 30 0.7 -60 0,1 0,905 0.3 1 60 -3205,987 -337,606 0,78 34 17 31,765
485 1 0,995 30 0.7 -99 0,999 0,306 0.3 1 60 -1666,658 -280,061 0,663 18 8 32,841
458 0,108 0,99 30 0.7 -60 0,1 0,905 0.3 1 60 -3510,888 -248,266 0,865 34 20 32,412
490 1 0,995 30 0.7 -100 0,995 0,303 0.3 1 60 -1062,546 -251,937 0,654 11 4 31,686
457 0,109 0,99 29 0.7 -59 0,101 0,901 0.3 1 60 -5290,36 -558,347 0,807 64 27 33,36
490 1 0,995 30 0.7 -100 0,995 0,303 0.3 1 60 -2022,65 -268,542 0,725 20 10 35,356
457 0,109 0,99 29 0.7 -59 0,101 0,901 0.3 1 60 -4604,139 -322,657 0,883 46 27 32,866
490 1 0,995 30 0.7 -100 0,995 0,303 0.3 1 60 -1208,177 -250,623 0,604 12 5 32,729
457 0,109 0,99 29 0.7 -59 0,101 0,901 0.3 1 60 -3036,581 -315,519 0,858 38 12 31,291
491 1 0,995 30 0.7 -99 0,999 0,304 0.3 1 60 -1279,333 -184,367 0,641 15 5 33,904
458 0,108 0,99 29 0.7 -60 0,1 0,897 0.3 1 60 -5090,127 -445,263 0,798 57 28 30,011
491 1 0,995 30 0.7 -99 0,999 0,304 0.3 1 60 -1454,017 -283,44 0,669 14 7 32,26
458 0,108 0,99 29 0.7 -60 0,1 0,897 0.3 1 60 -1899,326 -240,202 0,837 18 10 31,896
491 1 0,995 30 0.7 -99 0,999 0,304 0.3 1 60 -3076,053 -450,513 0,755 26 19 34,643
458 0,108 0,99 29 0.7 -60 0,1 0,897 0.3 1 60 -3855,558 -247,352 0,825 40 22 32,222
489 1 0,995 30 0.7 -99 0,999 0,303 0.3 1 60 -1459,619 -197,674 0,632 15 6 30,723
458 0,108 0,99 29 0.7 -59 0,1 0,899 0.3 1 60 -2483,144 -375,966 0,817 25 13 32,492
489 1 0,995 30 0.7 -99 0,999 0,303 0.3 1 60 -1071,899 -249,413 0,634 9 5 33,053
458 0,108 0,99 29 0.7 -59 0,1 0,899 0.3 1 60 -3408,601 -288,478 0,854 35 19 31,5
489 1 0,995 30 0.7 -99 0,999 0,303 0.3 1 60 -887,041 -164,07 0,644 8 5 34,419
458 0,108 0,99 29 0.7 -59 0,1 0,899 0.3 1 60 -3740,135 -406,74 0,858 40 17 33,075
490 1 0,995 30 0.7 -100 0,999 0,304 0.3 1 60 -1267,935 -192,306 0,734 16 4 33,6
458 0,108 0,99 29 0.7 -59 0,1 0,902 0.3 1 60 -4681,031 -404,795 0,823 53 28 33,037
490 1 0,995 30 0.7 -100 0,999 0,304 0.3 1 60 -2008,69 -387,524 0,697 22 9 32,373
458 0,108 0,99 29 0.7 -59 0,1 0,902 0.3 1 60 -5304,131 -344,812 0,86 56 29 30,192
490 1 0,995 30 0.7 -100 0,999 0,304 0.3 1 60 -1774,195 -271,548 0,618 15 9 33,202
458 0,108 0,99 29 0.7 -59 0,1 0,902 0.3 1 60 -5535,911 -776,29 0,853 61 30 32,502
490 1 0,995 30 0.7 -99 0,999 0,304 0.3 1 60 -527,137 -59,256 0,755 3 1 34,047
458 0,108 0,99 30 0.7 -60 0,1 0,9 0.3 1 60 -3487,887 -301,141 0,804 41 15 30,752
490 1 0,995 30 0.7 -99 0,999 0,304 0.3 1 60 -1605,804 -245,24 0,739 14 8 32,595
458 0,108 0,99 30 0.7 -60 0,1 0,9 0.3 1 60 -2052,551 -407,324 0,789 20 10 30,939
490 1 0,995 30 0.7 -99 0,999 0,304 0.3 1 60 -1942,879 -365,952 0,699 20 8 34,529
458 0,108 0,99 30 0.7 -60 0,1 0,9 0.3 1 60 -7579,027 -509,03 0,935 83 41 32,585
488 1 0,995 30 0.7 -99 0,998 0,304 0.3 1 60 -456,611 -100,653 0,624 4 0 33,176
458 0,108 0,99 30 0.7 -59 0,1 0,9 0.3 1 60 -1520,494 -193,086 0,905 14 6 34,346
488 1 0,995 30 0.7 -99 0,998 0,304 0.3 1 60 -1825,308 -269,21 0,674 16 10 32,64
458 0,108 0,99 30 0.7 -59 0,1 0,9 0.3 1 60 -3783,728 -418,995 0,905 45 18 34,715
488 1 0,995 30 0.7 -99 0,998 0,304 0.3 1 60 -932,394 -274,833 0,588 8 3 30,227
458 0,108 0,99 30 0.7 -59 0,1 0,9 0.3 1 60 -2285,24 -240,821 0,841 23 11 31,791
490 1 0,995 30 0.7 -99 0,996 0,304 0.3 1 60 -1898,211 -265,342 0,681 24 7 34,441
458 0,108 0,99 29 0.7 -59 0,1 0,9 0.3 1 60 -3710,141 -503,551 0,798 36 23 31,492
490 1 0,995 30 0.7 -99 0,996 0,304 0.3 1 60 -2606,698 -359,494 0,682 30 12 35,09
458 0,108 0,99 29 0.7 -59 0,1 0,9 0.3 1 60 -4365,442 -597,953 0,863 42 23 32,89
490 1 0,995 30 0.7 -99 0,996 0,304 0.3 1 60 -889,63 -141,049 0,659 10 2 33,271
458 0,108 0,99 29 0.7 -59 0,1 0,9 0.3 1 60 -4076,624 -489,298 0,837 43 20 33,056
489 1 0,995 30 0.7 -99 0,999 0,304 0.3 1 60 -3464,412 -309,347 0,736 35 20 33,716
458 0,108 0,99 29 0.7 -60 0,1 0,9 0.3 1 60 -4105,407 -380,724 0,856 45 22 31,927
489 1 0,995 30 0.7 -99 0,999 0,304 0.3 1 60 -1933,653 -343,994 0,73 22 8 32,528
458 0,108 0,99 29 0.7 -60 0,1 0,9 0.3 1 60 -6814,485 -588,492 0,793 63 46 31,863
489 1 0,995 30 0.7 -99 0,999 0,304 0.3 1 60 -647,482 -120,347 0,688 6 1 30,275
458 0,108 0,99 29 0.7 -60 0,1 0,9 0.3 1 60 -3737,851 -330,929 0,895 41 20 33,864
489 1 0,995 30 0.7 -99 0,999 0,304 0.3 1 60 -1368,219 -286,769 0,591 14 5 31,61
458 0,108 0,99 30 0.7 -60 0,1 0,9 0.3 1 60 -3545,651 -320,924 0,766 39 18 33,743
489 1 0,995 30 0.7 -99 0,999 0,304 0.3 1 60 -2736,885 -362,26 0,652 27 15 34,035
458 0,108 0,99 30 0.7 -60 0,1 0,9 0.3 1 60 -2429,198 -263,818 0,847 28 10 33,209
489 1 0,995 30 0.7 -99 0,999 0,304 0.3 1 60 -785,837 -223,422 0,73 6 3 33,682
458 0,108 0,99 30 0.7 -60 0,1 0,9 0.3 1 60 -6009,114 -604,959 0,91 60 36 33,509
489 1 0,995 30 0.7 -99 0,999 0,304 0.3 1 60 -641,242 -93,226 0,684 7 1 32,85
458 0,108 0,99 30 0.7 -59 0,1 0,9 0.3 1 60 -2173,298 -282,468 0,735 24 11 30,825
489 1 0,995 30 0.7 -99 0,999 0,304 0.3 1 60 -777,321 -180,741 0,635 6 3 31,003
458 0,108 0,99 30 0.7 -59 0,1 0,9 0.3 1 60 -4539,043 -422,644 0,728 47 25 30,274
489 1 0,995 30 0.7 -99 0,999 0,304 0.3 1 60 -1751,116 -267,695 0,686 18 7 32,196
458 0,108 0,99 30 0.7 -59 0,1 0,9 0.3 1 60 -4702,591 -415,776 0,859 45 26 34,96
490 1 0,995 30 0.7 -99 0,999 0,304 0.3 1 60 -828,1 -104,705 0,635 6 3 30,709
458 0,108 0,99 30 0.7 -59 0,1 0,9 0.3 1 60 -4947,526 -335,758 0,801 50 28 33,994
490 1 0,995 30 0.7 -99 0,999 0,304 0.3 1 60 -1767,928 -206,665 0,694 21 9 34,304
458 0,108 0,99 30 0.7 -59 0,1 0,9 0.3 1 60 -2638,598 -278,806 0,809 22 15 32,047
490 1 0,995 30 0.7 -99 0,999 0,304 0.3 1 60 -1087,101 -134,905 0,714 11 4 33,032
458 0,108 0,99 30 0.7 -59 0,1 0,9 0.3 1 60 -4174,644 -303,399 0,899 44 23 36,001
489 1 0,995 30 0.7 -99 0,999 0,304 0.3 1 60 -576,843 -154,251 0,645 2 3 33,212
458 0,108 0,99 29 0.7 -59 0,1 0,9 0.3 1 60 -2075,846 -316,771 0,819 19 11 34,022
489 1 0,995 30 0.7 -99 0,999 0,304 0.3 1 60 -611,338 -104,088 0,662 5 2 34,344
458 0,108 0,99 29 0.7 -59 0,1 0,9 0.3 1 60 -3900,63 -474,363 0,79 39 22 33,005
489 1 0,995 30 0.7 -99 0,999 0,304 0.3 1 60 -1732,797 -166,011 0,682 19 8 33,769
458 0,108 0,99 29 0.7 -59 0,1 0,9 0.3 1 60 -3446,888 -360,651 0,772 35 20 31,716
489 1 0,995 30 0.7 -99 0,999 0,304 0.3 1 60 -1162,223 -181,669 0,622 11 4 32,719
458 0,108 0,99 30 0.7 -60 0,1 0,9 0.3 1 60 -2262,536 -251,208 0,837 21 13 32,348
489 1 0,995 30 0.7 -99 0,999 0,304 0.3 1 60 -1126,091 -143,782 0,669 10 4 31,725
458 0,108 0,99 30 0.7 -60 0,1 0,9 0.3 1 60 -3202,181 -312,513 0,848 36 15 30,34
489 1 0,995 30 0.7 -99 0,999 0,304 0.3 1 60 -1714,245 -173,831 0,668 19 10 34,659
458 0,108 0,99 30 0.7 -60 0,1 0,9 0.3 1 60 -5450,116 -404,024 0,819 63 28 32,765
489 1 0,995 30 0.7 -99 0,999 0,304 0.3 1 60 -1175,873 -191,437 0,727 14 4 33,999
458 0,108 0,99 30 0.7 -59 0,1 0,9 0.3 1 60 -4812,089 -271,895 0,894 50 25 35,119
489 1 0,995 30 0.7 -99 0,999 0,304 0.3 1 60 -2810,657 -352,858 0,67 30 14 33,259
458 0,108 0,99 30 0.7 -59 0,1 0,9 0.3 1 60 -4974,615 -462,201 0,756 49 30 35,293
489 1 0,995 30 0.7 -99 0,999 0,304 0.3 1 60 -360,643 -26,165 0,675 2 0 31,687
458 0,108 0,99 30 0.7 -59 0,1 0,9 0.3 1 60 -3646,926 -310,177 0,898 41 17 33,096
489 1 0,995 30 0.7 -99 0,999 0,304 0.3 1 60 -1970,349 -244,865 0,676 20 9 32,351
458 0,108 0,99 29 0.7 -60 0,1 0,9 0.3 1 60 -4798,667 -515,777 0,755 49 30 31,605
489 1 0,995 30 0.7 -99 0,999 0,304 0.3 1 60 -1471,614 -301,22 0,725 12 7 32,269
458 0,108 0,99 29 0.7 -60 0,1 0,9 0.3 1 60 -2740,148 -296,072 0,734 28 14 30,229
489 1 0,995 30 0.7 -99 0,999 0,304 0.3 1 60 -590,9 -141,465 0,66 4 1 31,863
458 0,108 0,99 29 0.7 -60 0,1 0,9 0.3 1 60 -4017,082 -313,163 0,823 44 22 32,624
489 1 0,995 30 0.7 -99 0,999 0,304 0.3 1 60 -2125,169 -369,747 0,676 19 13 33,282
458 0,108 0,99 30 0.7 -59 0,1 0,9 0.3 1 60 -3747,814 -333,503 0,979 43 18 34,546
489 1 0,995 30 0.7 -99 0,999 0,304 0.3 1 60 -3578,899 -437,941 0,724 43 15 36,633
458 0,108 0,99 30 0.7 -59 0,1 0,9 0.3 1 60 -3526,141 -415,159 0,789 44 16 31,214
489 1 0,995 30 0.7 -99 0,999 0,304 0.3 1 60 -1457,782 -225,951 0,699 16 6 33,585
458 0,108 0,99 30 0.7 -59 0,1 0,9 0.3 1 60 -3794,309 -267,897 0,821 36 23 32,541
489 1 0,995 30 0.7 -99 0,999 0,304 0.3 1 60 -1049,743 -263,858 0,678 9 5 32,061
458 0,108 0,99 30 0.7 -60 0,1 0,9 0.3 1 60 -1237,758 -157,667 0,806 12 4 33,231
489 1 0,995 30 0.7 -99 0,999 0,304 0.3 1 60 -1221,874 -345,589 0,671 14 3 30,892
458 0,108 0,99 30 0.7 -60 0,1 0,9 0.3 1 60 -2808,833 -409,987 0,86 26 17 33,083
489 1 0,995 30 0.7 -99 0,999 0,304 0.3 1 60 -1817,999 -287,853 0,68 17 9 31,696
458 0,108 0,99 30 0.7 -60 0,1 0,9 0.3 1 60 -5113,688 -390,741 0,932 57 26 32,234
489 1 0,995 30 0.7 -99 0,999 0,304 0.3 1 60 -1318,927 -166,347 0,645 16 6 34,304
458 0,108 0,99 30 0.7 -59 0,1 0,9 0.3 1 60 -3734,474 -349,516 0,904 34 20 33,984
489 1 0,995 30 0.7 -99 0,999 0,304 0.3 1 60 -1090,831 -260,656 0,705 9 5 32,098
458 0,108 0,99 30 0.7 -59 0,1 0,9 0.3 1 60 -1381,603 -206,151 0,817 13 6 30,899
489 1 0,995 30 0.7 -99 0,999 0,304 0.3 1 60 -886,544 -176,352 0,674 8 4 33,157
458 0,108 0,99 30 0.7 -59 0,1 0,9 0.3 1 60 -5359,704 -629,293 0,769 65 28 33,808
489 1 0,995 30 0.7 -99 0,999 0,304 0.3 1 60 -907,164 -124,21 0,733 9 2 35,732
458 0,108 0,99 30 0.7 -59 0,1 0,9 0.3 1 60 -2285,417 -241,454 0,782 21 13 32
489 1 0,995 30 0.7 -99 0,999 0,304 0.3 1 60 -2418,756 -287,528 0,682 23 15 32,975
458 0,108 0,99 30 0.7 -59 0,1 0,9 0.3 1 60 -6353,693 -376 0,844 73 32 33,357
489 1 0,995 30 0.7 -99 0,999 0,304 0.3 1 60 -3568,848 -383,816 0,673 37 18 32,928
458 0,108 0,99 30 0.7 -59 0,1 0,9 0.3 1 60 -4349,405 -439,997 0,834 47 23 32,989
489 1 0,995 30 0.7 -99 0,999 0,304 0.3 1 60 -2184,303 -473,311 0,652 25 11 33,232
458 0,108 0,99 29 0.7 -60 0,1 0,9 0.3 1 60 -3494,609 -311,339 0,939 37 18 33,819
489 1 0,995 30 0.7 -99 0,999 0,304 0.3 1 60 -1426,259 -165,603 0,657 14 6 33,316
458 0,108 0,99 29 0.7 -60 0,1 0,9 0.3 1 60 -5138,883 -515,492 0,855 54 30 31,074
489 1 0,995 30 0.7 -99 0,999 0,304 0.3 1 60 -4105,345 -541,702 0,693 34 33 35,09
458 0,108 0,99 29 0.7 -60 0,1 0,9 0.3 1 60 -3268,673 -279,137 0,846 37 15 32,225
489 1 0,995 30 0.7 -99 0,999 0,304 0.3 1 60 -3114,518 -305,471 0,731 29 18 35,585
458 0,108 0,99 29 0.7 -60 0,1 0,9 0.3 1 60 -5424,092 -461,478 0,801 61 30 33,646
489 1 0,995 30 0.7 -99 0,999 0,304 0.3 1 60 -1968,877 -292,093 0,648 23 8 32,205
458 0,108 0,99 29 0.7 -60 0,1 0,9 0.3 1 60 -2355,064 -249,922 0,891 25 10 33,094
489 1 0,995 30 0.7 -99 0,999 0,304 0.3 1 60 -794,243 -230,093 0,724 7 2 33,04
458 0,108 0,99 29 0.7 -60 0,1 0,9 0.3 1 60 -2526,035 -299,265 0,704 23 15 31,69
458 0,108 0,99 29 0.7 -60 0,1 0,9 0.3 1 60 -3271,552 -263,775 0,818 34 15 29,915
489 1 0,995 30 0.7 -99 0,999 0,304 0.3 1 60 -2412,428 -387,815 0,707 26 12 31,619
458 0,108 0,99 29 0.7 -60 0,1 0,9 0.3 1 60 -2220,193 -372,552 0,814 21 10 31,841
489 1 0,995 30 0.7 -99 0,999 0,304 0.3 1 60 -976,677 -290,624 0,632 7 5 30,988
458 0,108 0,99 29 0.7 -60 0,1 0,9 0.3 1 60 -4331,91 -323,251 0,781 40 28 33,129
489 1 0,995 30 0.7 -99 0,999 0,304 0.3 1 60 -1384,175 -362,615 0,691 14 6 32,974
458 0,108 0,99 29 0.7 -60 0,1 0,9 0.3 1 60 -2546,447 -230,703 0,754 31 9 32,953
489 1 0,995 30 0.7 -99 0,999 0,304 0.3 1 60 -2314,872 -282,646 0,762 26 9 34,826
458 0,108 0,99 29 0.7 -60 0,1 0,9 0.3 1 60 -2788,557 -236,076 0,848 30 15 31,119
489 1 0,995 30 0.7 -99 0,999 0,304 0.3 1 60 -3152,241 -304,378 0,702 31 17 33,695
458 0,108 0,99 29 0.7 -60 0,1 0,9 0.3 1 60 -5005,778 -289,588 0,831 45 33 31,402
489 1 0,995 30 0.7 -99 0,999 0,304 0.3 1 60 -1016,979 -122,841 0,678 10 3 32,398
458 0,108 0,99 29 0.7 -59 0,1 0,9 0.3 1 60 -1628,84 -200,423 0,804 17 7 31,752
489 1 0,995 30 0.7 -99 0,999 0,304 0.3 1 60 -1557,184 -228,254 0,646 14 9 33,757
458 0,108 0,99 29 0.7 -59 0,1 0,9 0.3 1 60 -3696,965 -275,063 0,816 50 16 33,214
489 1 0,995 30 0.7 -99 0,999 0,304 0.3 1 60 -2090,654 -281,353 0,645 19 13 32,638
458 0,108 0,99 29 0.7 -59 0,1 0,9 0.3 1 60 -1691,072 -176,932 0,832 19 6 32,281
489 1 0,995 30 0.7 -99 0,999 0,304 0.3 1 60 -1567,961 -244,675 0,7 17 5 35,621
458 0,108 0,99 30 0.7 -60 0,1 0,9 0.3 1 60 -2832,404 -314,794 0,736 31 15 30,539
489 1 0,995 30 0.7 -99 0,999 0,304 0.3 1 60 -1227,664 -154,999 0,662 16 3 33,389
458 0,108 0,99 30 0.7 -60 0,1 0,9 0.3 1 60 -6195,339 -301,713 0,805 70 35 33,063
489 1 0,995 30 0.7 -99 0,999 0,304 0.3 1 60 -578,011 -167,232 0,616 4 2 32,027
458 0,108 0,99 30 0.7 -60 0,1 0,9 0.3 1 60 -5848,691 -396,308 0,871 57 34 35,978
489 1 0,995 30 0.7 -99 0,999 0,304 0.3 1 60 -641,697 -200,899 0,608 5 3 32,621
458 0,108 0,99 29 0.7 -59 0,1 0,9 0.3 1 60 -5571,372 -570,574 0,922 60 32 34,333
489 1 0,995 30 0.7 -99 0,999 0,304 0.3 1 60 -3253,598 -350,136 0,713 35 18 37,456
458 0,108 0,99 29 0.7 -59 0,1 0,9 0.3 1 60 -4080,436 -316,035 0,75 45 21 31,669
489 1 0,995 30 0.7 -99 0,999 0,304 0.3 1 60 -369,643 -38,962 0,619 3 0 33,587
458 0,108 0,99 29 0.7 -59 0,1 0,9 0.3 1 60 -4838,758 -573,454 0,917 56 22 33,906
489 1 0,995 30 0.7 -99 0,999 0,304 0.3 1 60 -1079,466 -112,755 0,673 14 3 35,28
458 0,108 0,99 30 0.7 -59 0,1 0,9 0.3 1 60 -500,525 -74,139 0,808 3 0 30,62
489 1 0,995 30 0.7 -99 0,999 0,304 0.3 1 60 -1940,321 -289,391 0,643 22 9 34,115
458 0,108 0,99 30 0.7 -59 0,1 0,9 0.3 1 60 -3680,608 -494,016 0,868 39 22 34,338
489 1 0,995 30 0.7 -99 0,999 0,304 0.3 1 60 -1517,475 -271,104 0,667 14 7 32,957
458 0,108 0,99 30 0.7 -59 0,1 0,9 0.3 1 60 -3547,85 -584,652 0,906 37 20 34,985
489 1 0,995 30 0.7 -99 0,999 0,304 0.3 1 60 -3308,407 -374,825 0,689 36 18 32,357
458 0,108 0,99 29 0.7 -59 0,1 0,9 0.3 1 60 -2872,725 -294,107 0,771 25 17 30,104
489 1 0,995 30 0.7 -99 0,999 0,304 0.3 1 60 -1873,811 -266,668 0,709 19 10 32,8
458 0,108 0,99 29 0.7 -59 0,1 0,9 0.3 1 60 -1329,482 -234,933 0,792 10 7 31,982
489 1 0,995 30 0.7 -99 0,999 0,304 0.3 1 60 -1707,476 -293,394 0,755 17 8 33,913
458 0,108 0,99 29 0.7 -59 0,1 0,9 0.3 1 60 -4723,391 -343,774 0,794 51 27 31,03
489 1 0,995 30 0.7 -99 0,999 0,304 0.3 1 60 -1171,505 -279,079 0,606 11 4 29,656
458 0,108 0,99 30 0.7 -60 0,1 0,9 0.3 1 60 -3472,231 -366,937 0,797 33 17 32,816
489 1 0,995 30 0.7 -99 0,999 0,304 0.3 1 60 -789,657 -247,308 0,678 5 3 33,438
458 0,108 0,99 30 0.7 -60 0,1 0,9 0.3 1 60 -1874,739 -296,831 0,77 16 9 32,857
489 1 0,995 30 0.7 -99 0,999 0,304 0.3 1 60 -2591,599 -354,668 0,654 32 10 30,736
458 0,108 0,99 30 0.7 -60 0,1 0,9 0.3 1 60 -4226,624 -518,832 0,787 40 25 30,506
489 1 0,995 30 0.7 -99 0,999 0,304 0.3 1 60 -3032,645 -437,57 0,646 29 18 34,065
458 0,108 0,99 29 0.7 -59 0,1 0,9 0.3 1 60 -4782,224 -502,251 0,905 46 27 31,882
489 1 0,995 30 0.7 -99 0,999 0,304 0.3 1 60 -2297,608 -414,79 0,639 21 13 31,529
458 0,108 0,99 29 0.7 -59 0,1 0,9 0.3 1 60 -6058,779 -640,06 0,908 62 37 33,527
489 1 0,995 30 0.7 -99 0,999 0,304 0.3 1 60 -1296,093 -238,063 0,739 13 5 34,927
458 0,108 0,99 29 0.7 -59 0,1 0,9 0.3 1 60 -5325,534 -402,04 0,871 57 30 30,079
489 1 0,995 30 0.7 -99 0,999 0,304 0.3 1 60 -1075,939 -156,365 0,646 12 3 37,04
458 0,108 0,99 30 0.7 -59 0,1 0,9 0.3 1 60 -3125,448 -307,407 0,842 28 18 38,563
489 1 0,995 30 0.7 -99 0,999 0,304 0.3 1 60 -3546,132 -273,259 0,759 40 18 32,108
458 0,108 0,99 30 0.7 -59 0,1 0,9 0.3 1 60 -3053,59 -387,787 0,766 36 13 33,891
489 1 0,995 30 0.7 -99 0,999 0,304 0.3 1 60 -1402,974 -175,73 0,653 18 4 33,429
458 0,108 0,99 30 0.7 -59 0,1 0,9 0.3 1 60 -7133,607 -683,253 0,973 72 45 34,683
489 1 0,995 30 0.7 -99 0,999 0,304 0.3 1 60 -1251,503 -203,193 0,705 13 4 31,732
458 0,108 0,99 29 0.7 -60 0,1 0,9 0.3 1 60 -3455,05 -318,111 0,778 35 20 33,624
489 1 0,995 30 0.7 -99 0,999 0,304 0.3 1 60 -1712,671 -275,484 0,749 20 6 35,844
458 0,108 0,99 29 0.7 -60 0,1 0,9 0.3 1 60 -3826,451 -306,101 0,794 44 19 30,797
489 1 0,995 30 0.7 -99 0,999 0,304 0.3 1 60 -1455,254 -216,784 0,684 13 7 34,462
458 0,108 0,99 29 0.7 -60 0,1 0,9 0.3 1 60 -5520,804 -463,314 0,807 60 32 33,265
489 1 0,995 30 0.7 -99 0,999 0,304 0.3 1 60 -1093,792 -290,691 0,671 10 4 31,943
458 0,108 0,99 30 0.7 -60 0,1 0,9 0.3 1 60 -4813,432 -407,085 0,87 52 28 32,83
489 1 0,995 30 0.7 -99 0,999 0,304 0.3 1 60 -1010,869 -131,313 0,793 7 4 32,416
458 0,108 0,99 30 0.7 -60 0,1 0,9 0.3 1 60 -2986,967 -282,56 0,926 28 15 32,443
489 1 0,995 30 0.7 -99 0,999 0,304 0.3 1 60 -2366,425 -278,952 0,705 23 13 37,155
458 0,108 0,99 30 0.7 -60 0,1 0,9 0.3 1 60 -3152,218 -298,997 0,793 32 16 35,789
489 1 0,995 30 0.7 -99 0,999 0,304 0.3 1 60 -885,874 -121,896 0,694 10 2 33,813
458 0,108 0,99 29 0.7 -59 0,1 0,9 0.3 1 60 -4252,928 -413,217 0,752 52 18 34,407
489 1 0,995 30 0.7 -99 0,999 0,304 0.3 1 60 -2836,141 -431,731 0,676 28 16 34,816
458 0,108 0,99 29 0.7 -59 0,1 0,9 0.3 1 60 -4763,259 -326,655 0,842 49 27 34,655
489 1 0,995 30 0.7 -99 0,999 0,304 0.3 1 60 -2406,242 -371,194 0,707 23 14 33,117
458 0,108 0,99 29 0.7 -59 0,1 0,9 0.3 1 60 -3750,454 -517,635 0,835 36 22 31,63
489 1 0,995 30 0.7 -99 0,999 0,304 0.3 1 60 -2682,626 -290,631 0,733 29 13 33,883
458 0,108 0,99 30 0.7 -60 0,1 0,9 0.3 1 60 -4729,544 -422,819 0,931 56 23 34,692
489 1 0,995 30 0.7 -99 0,999 0,304 0.3 1 60 -1519,213 -217,614 0,651 16 7 32,9
458 0,108 0,99 30 0.7 -60 0,1 0,9 0.3 1 60 -5808,591 -379,281 0,82 63 32 33,609
489 1 0,995 30 0.7 -99 0,999 0,304 0.3 1 60 -1179,463 -209,85 0,641 12 7 34,7
458 0,108 0,99 30 0.7 -60 0,1 0,9 0.3 1 60 -3327,554 -299,019 0,902 45 12 34,96
489 1 0,995 30 0.7 -99 0,999 0,304 0.3 1 60 -1732,747 -334,887 0,666 19 8 34,041
458 0,108 0,99 30 0.7 -59 0,1 0,9 0.3 1 60 -4622,59 -294,808 0,829 48 23 32,336
489 1 0,995 30 0.7 -99 0,999 0,304 0.3 1 60 -2891,273 -578,297 0,767 33 14 35,076
458 0,108 0,99 30 0.7 -59 0,1 0,9 0.3 1 60 -2815,041 -242,544 0,766 33 12 35,924
489 1 0,995 30 0.7 -99 0,999 0,304 0.3 1 60 -1582,494 -380,481 0,667 13 9 35,234
458 0,108 0,99 30 0.7 -59 0,1 0,9 0.3 1 60 -3649,252 -287,359 0,791 39 19 32,474
489 1 0,995 30 0.7 -99 0,999 0,304 0.3 1 60 -615,602 -122,063 0,615 6 1 33,13
458 0,108 0,99 30 0.7 -60 0,1 0,9 0.3 1 60 -3036,926 -300,561 0,815 30 16 33,99
489 1 0,995 30 0.7 -99 0,999 0,304 0.3 1 60 -814,149 -219,894 0,665 7 4 32,407
458 0,108 0,99 30 0.7 -60 0,1 0,9 0.3 1 60 -3818,251 -313,388 0,841 40 19 34,814
489 1 0,995 30 0.7 -99 0,999 0,304 0.3 1 60 -4619,048 -434,559 0,767 53 25 35,096
458 0,108 0,99 30 0.7 -60 0,1 0,9 0.3 1 60 -4763,065 -288,861 0,784 53 25 32,872
489 1 0,995 30 0.7 -99 0,999 0,304 0.3 1 60 -769,225 -198,674 0,686 7 3 32,639
458 0,108 0,99 29 0.7 -59 0,1 0,9 0.3 1 60 -3605,544 -337,522 0,796 39 18 32,854
489 1 0,995 30 0.7 -99 0,999 0,304 0.3 1 60 -2379,907 -266,777 0,609 26 12 35,579
458 0,108 0,99 29 0.7 -59 0,1 0,9 0.3 1 60 -2046,674 -303,093 0,77 20 9 30,484
489 1 0,995 30 0.7 -99 0,999 0,304 0.3 1 60 -2367,702 -265,547 0,666 29 12 33,353
458 0,108 0,99 29 0.7 -59 0,1 0,9 0.3 1 60 -4724,912 -342,289 0,931 45 27 34,134
489 1 0,995 30 0.7 -99 0,999 0,304 0.3 1 60 -1014,538 -193,519 0,655 11 5 30,388
458 0,108 0,99 30 0.7 -59 0,1 0,9 0.3 1 60 -5763,436 -408,747 0,895 67 29 34,768
489 1 0,995 30 0.7 -99 0,999 0,304 0.3 1 60 -1227,22 -155,107 0,696 15 4 31,566
458 0,108 0,99 30 0.7 -59 0,1 0,9 0.3 1 60 -3970,942 -329,908 0,857 45 21 33,362
489 1 0,995 30 0.7 -99 0,999 0,304 0.3 1 60 -804,075 -233,201 0,675 3 5 34,023
458 0,108 0,99 30 0.7 -59 0,1 0,9 0.3 1 60 -5237,057 -486,36 0,856 54 29 34,99
489 1 0,995 30 0.7 -99 0,999 0,304 0.3 1 60 -3079,216 -276,48 0,66 33 16 32,753
458 0,108 0,99 29 0.7 -60 0,1 0,9 0.3 1 60 -2768,192 -367,529 0,755 34 14 30,039
489 1 0,995 30 0.7 -99 0,999 0,304 0.3 1 60 -1333,726 -252,039 0,771 12 6 33,414
458 0,108 0,99 29 0.7 -60 0,1 0,9 0.3 1 60 -5158,937 -427,107 0,935 53 28 33,691
489 1 0,995 30 0.7 -99 0,999 0,304 0.3 1 60 -3974,478 -375,563 0,782 44 19 34,863
458 0,108 0,99 29 0.7 -60 0,1 0,9 0.3 1 60 -4529,414 -394,896 0,843 58 23 32,75
489 1 0,995 30 0.7 -99 0,999 0,304 0.3 1 60 -2548,495 -347,334 0,646 35 11 35,921
458 0,108 0,99 29 0.7 -60 0,1 0,9 0.3 1 60 -3674,066 -254,469 0,792 39 21 31,239
489 1 0,995 30 0.7 -99 0,999 0,304 0.3 1 60 -2323,466 -327,138 0,647 25 12 29,979
458 0,108 0,99 29 0.7 -60 0,1 0,9 0.3 1 60 -3946,882 -341,429 0,739 39 23 30,307
458 0,108 0,99 29 0.7 -60 0,1 0,9 0.3 1 60 -3012,057 -502,579 0,681 34 15 29,564
489 1 0,995 30 0.7 -99 0,999 0,304 0.3 1 60 -450,284 -77,414 0,663 2 1 34,677
458 0,108 0,99 29 0.7 -59 0,1 0,9 0.3 1 60 -4290,991 -392,1 0,78 44 24 33,71
489 1 0,995 30 0.7 -99 0,999 0,304 0.3 1 60 -990,784 -224,357 0,613 10 5 31,267
458 0,108 0,99 29 0.7 -59 0,1 0,9 0.3 1 60 -2765,373 -302,181 0,707 31 13 32,066
489 1 0,995 30 0.7 -99 0,999 0,304 0.3 1 60 -2064,797 -284,956 0,723 26 7 32,181
458 0,108 0,99 29 0.7 -59 0,1 0,9 0.3 1 60 -4531,782 -429,515 0,828 55 23 33,538
489 1 0,995 30 0.7 -99 0,999 0,304 0.3 1 60 -2885,953 -286,98 0,752 25 16 36,686
458 0,108 0,99 30 0.7 -59 0,1 0,9 0.3 1 60 -5039,729 -356,247 0,835 55 30 36,291
489 1 0,995 30 0.7 -99 0,999 0,304 0.3 1 60 -1394,774 -255,631 0,697 12 7 34,901
458 0,108 0,99 30 0.7 -59 0,1 0,9 0.3 1 60 -5063,041 -481,001 0,738 55 29 32,665
489 1 0,995 30 0.7 -99 0,999 0,304 0.3 1 60 -1176,223 -166,045 0,677 14 3 32,046
458 0,108 0,99 30 0.7 -59 0,1 0,9 0.3 1 60 -3097,286 -372,36 0,778 37 13 33,921
489 1 0,995 30 0.7 -99 0,999 0,304 0.3 1 60 -709,599 -97,157 0,7 6 2 34,435
458 0,108 0,99 29 0.7 -60 0,1 0,9 0.3 1 60 -2591,742 -364,766 0,781 27 12 31,244
489 1 0,995 30 0.7 -99 0,999 0,304 0.3 1 60 -1280,573 -180,395 0,634 14 5 31,576
458 0,108 0,99 29 0.7 -60 0,1 0,9 0.3 1 60 -5009,061 -397,571 0,851 62 23 33,957
489 1 0,995 30 0.7 -99 0,999 0,304 0.3 1 60 -2132,609 -371,947 0,744 18 13 34,276
458 0,108 0,99 29 0.7 -60 0,1 0,9 0.3 1 60 -5558,56 -373,311 0,859 57 31 32,992
489 1 0,995 30 0.7 -99 0,999 0,304 0.3 1 60 -2042,636 -330,412 0,691 21 10 33,923
458 0,108 0,99 30 0.7 -59 0,1 0,9 0.3 1 60 -4142,147 -321,624 0,797 40 24 32,318
489 1 0,995 30 0.7 -99 0,999 0,304 0.3 1 60 -1655,071 -138,269 0,715 16 7 33,392
458 0,108 0,99 30 0.7 -59 0,1 0,9 0.3 1 60 -3177,965 -277,233 0,785 29 18 31,893
489 1 0,995 30 0.7 -99 0,999 0,304 0.3 1 60 -1602,007 -223,834 0,709 18 7 33,618
458 0,108 0,99 30 0.7 -59 0,1 0,9 0.3 1 60 -4993,422 -420,143 0,858 58 20 31,666
489 1 0,995 30 0.7 -99 0,999 0,304 0.3 1 60 -2315,215 -285,236 0,654 24 12 31,303
458 0,108 0,99 29 0.7 -59 0,1 0,9 0.3 1 60 -2063,486 -298,256 0,727 23 9 32,559
489 1 0,995 30 0.7 -99 0,999 0,304 0.3 1 60 -1551,075 -265,788 0,656 13 10 33,271
458 0,108 0,99 29 0.7 -59 0,1 0,9 0.3 1 60 -4607,551 -353,891 0,787 50 25 30,516
489 1 0,995 30 0.7 -99 0,999 0,304 0.3 1 60 -864,099 -204,048 0,649 8 3 32,649
458 0,108 0,99 29 0.7 -59 0,1 0,9 0.3 1 60 -3904,661 -280,934 0,824 52 16 31,619
489 1 0,995 30 0.7 -99 0,999 0,304 0.3 1 60 -1324,48 -205,149 0,723 12 5 31,686
458 0,108 0,99 30 0.7 -60 0,1 0,9 0.3 1 60 -1837,535 -285,889 0,844 16 9 30,77
489 1 0,995 30 0.7 -99 0,999 0,304 0.3 1 60 -1247,96 -317,951 0,69 9 5 33,414
458 0,108 0,99 30 0.7 -60 0,1 0,9 0.3 1 60 -4137,804 -360,335 0,942 40 22 35,996
489 1 0,995 30 0.7 -99 0,999 0,304 0.3 1 60 -2134,815 -319,589 0,607 27 10 32,318
458 0,108 0,99 30 0.7 -60 0,1 0,9 0.3 1 60 -3384,038 -269,362 0,791 40 17 32,394
489 1 0,995 30 0.7 -99 0,999 0,304 0.3 1 60 -1803,948 -188,474 0,655 19 9 32,582
458 0,108 0,99 30 0.7 -60 0,1 0,9 0.3 1 60 -2520,796 -309,756 0,966 23 14 32,664
489 1 0,995 30 0.7 -99 0,999 0,304 0.3 1 60 -2649,291 -332,812 0,687 28 12 36,857
458 0,108 0,99 30 0.7 -60 0,1 0,9 0.3 1 60 -2963,031 -306,679 0,797 31 15 33,015
489 1 0,995 30 0.7 -99 0,999 0,304 0.3 1 60 -968,678 -113,396 0,74 9 4 32,177
458 0,108 0,99 30 0.7 -60 0,1 0,9 0.3 1 60 -1878,639 -170,257 0,802 17 10 32,299
489 1 0,995 30 0.7 -99 0,999 0,304 0.3 1 60 -1901,259 -241,374 0,672 17 12 32,66
458 0,108 0,99 30 0.7 -59 0,1 0,9 0.3 1 60 -2380,193 -203,803 0,746 30 9 30,118
489 1 0,995 30 0.7 -99 0,999 0,304 0.3 1 60 -3225,088 -399,256 0,674 30 18 32,468
458 0,108 0,99 30 0.7 -59 0,1 0,9 0.3 1 60 -4625,229 -354,408 0,783 48 28 34,131
489 1 0,995 30 0.7 -99 0,999 0,304 0.3 1 60 -1452,255 -141,043 0,721 17 5 31,133
458 0,108 0,99 30 0.7 -59 0,1 0,9 0.3 1 60 -6163,853 -495,3 0,833 67 34 34,438
489 1 0,995 30 0.7 -99 0,999 0,304 0.3 1 60 -3811,18 -481,003 0,684 42 24 36,303
458 0,108 0,99 29 0.7 -59 0,1 0,9 0.3 1 60 -3487,456 -378,533 0,844 37 20 30,802
489 1 0,995 30 0.7 -99 0,999 0,304 0.3 1 60 -1175,594 -137,974 0,7 11 4 31,689
458 0,108 0,99 29 0.7 -59 0,1 0,9 0.3 1 60 -8916,019 -749,925 0,936 91 54 34,739
489 1 0,995 30 0.7 -99 0,999 0,304 0.3 1 60 -686,887 -118,702 0,678 5 2 33,081
458 0,108 0,99 29 0.7 -59 0,1 0,9 0.3 1 60 -2573,237 -257,906 0,902 29 11 32,123
489 1 0,995 30 0.7 -99 0,999 0,304 0.3 1 60 -1175,727 -210,191 0,663 12 6 34,61
458 0,108 0,99 29 0.7 -60 0,1 0,9 0.3 1 60 -3727,067 -485,032 0,785 40 21 31,652
489 1 0,995 30 0.7 -99 0,999 0,304 0.3 1 60 -1002,748 -291,581 0,669 7 5 32,467
458 0,108 0,99 29 0.7 -60 0,1 0,9 0.3 1 60 -3150,584 -222,439 0,841 33 18 30,553
458 0,108 0,99 29 0.7 -60 0,1 0,9 0.3 1 60 -3842,083 -378,312 0,791 46 17 26,33
458 0,108 0,99 29 0.7 -59 0,1 0,9 0.3 1 60 -4610,466 -301,835 0,808 52 26 27,327
458 0,108 0,99 29 0.7 -59 0,1 0,9 0.3 1 60 -3219,252 -423,084 0,871 35 15 26,159
458 0,108 0,99 29 0.7 -59 0,1 0,9 0.3 1 60 -3299,928 -367,156 0,739 31 20 24,917
458 0,108 0,99 29 0.7 -59 0,1 0,9 0.3 1 60 -3049,193 -283,486 0,799 32 13 25,954
458 0,108 0,99 29 0.7 -59 0,1 0,9 0.3 1 60 -6229,799 -469,771 0,941 67 32 29,761
458 0,108 0,99 29 0.7 -59 0,1 0,9 0.3 1 60 -2085,421 -215,761 0,747 17 11 24,478
458 0,108 0,99 30 0.7 -59 0,1 0,9 0.3 1 60 -2318,533 -299,034 0,802 23 13 28,528
458 0,108 0,99 30 0.7 -59 0,1 0,9 0.3 1 60 -3807,601 -286,396 0,793 47 21 26,935
458 0,108 0,99 30 0.7 -59 0,1 0,9 0.3 1 60 -2472,906 -261,336 0,801 23 13 26,051
458 0,108 0,99 30 0.7 -60 0,1 0,9 0.3 1 60 -3385,626 -239,195 0,917 32 17 27,454
458 0,108 0,99 30 0.7 -60 0,1 0,9 0.3 1 60 -3878,596 -339,714 0,903 38 20 27,945
458 0,108 0,99 30 0.7 -60 0,1 0,9 0.3 1 60 -2339,157 -267,72 0,882 27 9 32,154
458 0,108 0,99 30 0.7 -59 0,1 0,9 0.3 1 60 -1586,677 -223,522 0,814 14 7 27,493
458 0,108 0,99 30 0.7 -59 0,1 0,9 0.3 1 60 -8012,836 -624,702 0,998 79 47 27,214
458 0,108 0,99 30 0.7 -59 0,1 0,9 0.3 1 60 -4315,588 -403,918 0,887 45 23 26,756
458 0,108 0,99 29 0.7 -60 0,1 0,9 0.3 1 60 -4107,601 -302,87 0,852 41 23 25,936
458 0,108 0,99 29 0.7 -60 0,1 0,9 0.3 1 60 -4644,959 -477,198 0,813 50 28 25,552
458 0,108 0,99 29 0.7 -60 0,1 0,9 0.3 1 60 -3949,077 -312,703 0,769 42 20 28,97
458 0,108 0,99 29 0.7 -59 0,1 0,9 0.3 1 60 -5720,061 -495,903 1,004 55 38 27,088
458 0,108 0,99 29 0.7 -59 0,1 0,9 0.3 1 60 -3825,096 -447,32 0,868 42 20 25,924
458 0,108 0,99 29 0.7 -59 0,1 0,9 0.3 1 60 -3114,99 -271,731 0,795 32 17 26,158
458 0,108 0,99 29 0.7 -60 0,1 0,9 0.3 1 60 -2256,253 -274,162 0,868 25 9 26,08
458 0,108 0,99 29 0.7 -60 0,1 0,9 0.3 1 60 -7017,461 -356,494 0,884 75 39 29,603
458 0,108 0,99 29 0.7 -60 0,1 0,9 0.3 1 60 -2992,803 -441,6 0,756 29 18 25,249
500 1 0,995 30 0.7 -100 0,963 0,3 0.3 1 60 -1369,133 -194,85 0,658 17 6 32,556
500 1 0,995 30 0.7 -100 0,963 0,3 0.3 1 60 -2798,019 -414,214 0,666 30 14 32,128
500 1 0,995 30 0.7 -100 0,963 0,3 0.3 1 60 -1012,319 -186,478 0,637 10 4 26,121
518 1 0,995 30 0.7 -100 0,963 0,3 0.3 1 60 -811,172 -151,079 0,626 7 3 25,799
518 1 0,995 30 0.7 -100 0,963 0,3 0.3 1 60 -1041,576 -223,998 0,681 10 4 28,002
518 1 0,995 30 0.7 -100 0,963 0,3 0.3 1 60 -331,174 -43,85 0,618 2 0 25,468
500 1 0,995 31 0.7 -100 0,963 0,3 0.3 1 60 -1757,06 -406,206 0,759 18 8 29,739
500 1 0,995 31 0.7 -100 0,963 0,3 0.3 1 60 -1784,363 -235,036 0,716 19 7 27,644
500 1 0,995 31 0.7 -100 0,963 0,3 0.3 1 60 -981,499 -157,411 0,687 10 4 28,646
500 1 0,995 30 0.7 -103 0,963 0,3 0.3 1 60 -648,209 -84,672 0,653 7 1 27,377
500 1 0,995 30 0.7 -103 0,963 0,3 0.3 1 60 -2267,963 -359,624 0,643 27 10 27,634
500 1 0,995 30 0.7 -103 0,963 0,3 0.3 1 60 -1353,984 -228,922 0,683 14 5 29,138
500 1 0,995 30 0.7 -100 0,999 0,3 0.3 1 60 -2439,535 -430,677 0,683 30 10 28,015
500 1 0,995 30 0.7 -100 0,999 0,3 0.3 1 60 -1558,881 -211,755 0,68 18 7 27,785
500 1 0,995 30 0.7 -100 0,999 0,3 0.3 1 60 -1169,71 -207,816 0,634 15 3 25,906
500 1 0,995 30 0.7 -100 0,963 0,311 0.3 1 60 -1008,395 -157,925 0,663 10 4 28,396
500 1 0,995 30 0.7 -100 0,963 0,311 0.3 1 60 -2813,2 -366,619 0,652 34 13 25,16
500 1 0,995 30 0.7 -100 0,963 0,311 0.3 1 60 -285,202 -27,612 0,575 1 0 27,134
481 1 0,995 30 0.7 -100 0,963 0,3 0.3 1 60 -1690,907 -180,131 0,73 20 8 26,826
481 1 0,995 30 0.7 -100 0,963 0,3 0.3 1 60 -1273,7 -118,678 0,719 12 5 27,446
481 1 0,995 30 0.7 -100 0,963 0,3 0.3 1 60 -1479,484 -229,171 0,641 18 6 26,656
500 1 0,995 28 0.7 -100 0,963 0,3 0.3 1 60 -1447,775 -249,368 0,696 16 6 25,678
500 1 0,995 28 0.7 -100 0,963 0,3 0.3 1 60 -1945,772 -332,689 0,701 23 8 26,463
500 1 0,995 28 0.7 -100 0,963 0,3 0.3 1 60 -2096,378 -439,964 0,667 22 11 27,604
500 1 0,995 30 0.7 -96 0,963 0,3 0.3 1 60 -919,11 -263,372 0,649 8 3 27,114
500 1 0,995 30 0.7 -96 0,963 0,3 0.3 1 60 -2012,617 -218,216 0,673 22 9 27,368
500 1 0,995 30 0.7 -96 0,963 0,3 0.3 1 60 -1036,408 -157,308 0,686 14 2 26,584
500 1 0,995 30 0.7 -100 0,927 0,3 0.3 1 60 -1703,771 -375,322 0,69 18 7 26,826
500 1 0,995 30 0.7 -100 0,927 0,3 0.3 1 60 -1238,611 -262,799 0,609 16 3 26,711
500 1 0,995 30 0.7 -100 0,927 0,3 0.3 1 60 -985,605 -262,789 0,656 9 3 27,81
500 1 0,995 30 0.7 -100 0,963 0,289 0.3 1 60 -1283,783 -316,528 0,703 10 6 25,815
500 1 0,995 30 0.7 -100 0,963 0,289 0.3 1 60 -2465,961 -360,846 0,656 27 12 25,281
500 1 0,995 30 0.7 -100 0,963 0,289 0.3 1 60 -894,326 -205,633 0,621 9 3 27,428
518 1 0,995 31 0.7 -100 0,963 0,3 0.3 1 60 -1003,264 -159,151 0,67 13 3 27,925
518 1 0,995 31 0.7 -100 0,963 0,3 0.3 1 60 -1992,704 -263,597 0,704 16 12 29,446
518 1 0,995 31 0.7 -100 0,963 0,3 0.3 1 60 -2318,976 -268,842 0,624 23 11 27,39
500 1 0,995 31 0.7 -96 0,963 0,3 0.3 1 60 -1041,443 -130,08 0,735 9 3 30,847
500 1 0,995 31 0.7 -96 0,963 0,3 0.3 1 60 -1166,686 -207,232 0,649 11 4 29,45
500 1 0,995 31 0.7 -96 0,963 0,3 0.3 1 60 -1268,709 -187,115 0,708 12 4 25,598
500 1 0,995 30 0.7 -96 0,927 0,3 0.3 1 60 -655,115 -94,467 0,622 7 2 27,891
500 1 0,995 30 0.7 -96 0,927 0,3 0.3 1 60 -1925,749 -280,7 0,613 19 9 25,41
500 1 0,995 30 0.7 -96 0,927 0,3 0.3 1 60 -4274,723 -746,365 0,659 50 24 27,696
500 1 0,995 30 0.7 -100 0,927 0,311 0.3 1 60 -899,467 -267,557 0,677 7 4 26,036
500 1 0,995 30 0.7 -100 0,927 0,311 0.3 1 60 -1136,82 -249,651 0,628 10 5 27,218
500 1 0,995 30 0.7 -100 0,927 0,311 0.3 1 60 -1149,608 -130,263 0,693 10 7 27,448
518 1 0,995 30 0.7 -100 0,963 0,311 0.3 1 60 -2062,773 -210,223 0,642 27 9 25,908
518 1 0,995 30 0.7 -100 0,963 0,311 0.3 1 60 -2565,765 -255,681 0,61 28 13 27,294
518 1 0,995 30 0.7 -100 0,963 0,311 0.3 1 60 -1939,432 -305,176 0,671 22 9 28,47
518 1 0,995 30 0.7 -96 0,963 0,3 0.3 1 60 -1930,808 -372,798 0,619 23 7 26,983
518 1 0,995 30 0.7 -96 0,963 0,3 0.3 1 60 -2938,597 -425,468 0,648 34 13 29,182
518 1 0,995 30 0.7 -96 0,963 0,3 0.3 1 60 -1591,715 -348,23 0,677 17 7 25,205
500 1 0,995 31 0.7 -100 0,927 0,3 0.3 1 60 -1473,096 -148,591 0,683 16 8 28,263
500 1 0,995 31 0.7 -100 0,927 0,3 0.3 1 60 -1714,108 -418,922 0,701 18 8 29,599
500 1 0,995 31 0.7 -100 0,927 0,3 0.3 1 60 -1180,568 -194,688 0,662 13 4 27,934
500 1 0,995 30 0.7 -96 0,963 0,311 0.3 1 60 -1765,427 -243,022 0,675 22 6 25,146
500 1 0,995 30 0.7 -96 0,963 0,311 0.3 1 60 -475,843 -120,029 0,612 3 1 26,338
500 1 0,995 30 0.7 -96 0,963 0,311 0.3 1 60 -723,631 -233,12 0,649 5 2 27,924
518 1 0,995 30 0.7 -100 0,927 0,3 0.3 1 60 -1871,021 -257,62 0,715 20 9 29,551
518 1 0,995 30 0.7 -100 0,927 0,3 0.3 1 60 -2348,277 -296,004 0,789 26 10 31,343
518 1 0,995 30 0.7 -100 0,927 0,3 0.3 1 60 -1246,293 -144,889 0,744 16 4 27,226
530 1 0,995 29 0.7 -101 0,972 0,295 0.3 1 60 -2849,511 -312,844 0,735 36 12 26,684
530 1 0,995 29 0.7 -101 0,972 0,295 0.3 1 60 -1272,498 -211,433 0,694 9 8 27,678
530 1 0,995 29 0.7 -101 0,972 0,295 0.3 1 60 -1019,129 -85,081 0,672 13 4 26,31
509 1 0,995 30 0.7 -100 0,962 0,299 0.3 1 60 -1401,479 -262,026 0,688 14 5 25,615
509 1 0,995 30 0.7 -100 0,962 0,299 0.3 1 60 -887,97 -211,797 0,592 8 3 24,934
509 1 0,995 30 0.7 -100 0,962 0,299 0.3 1 60 -809,938 -134,26 0,719 7 3 26,345
520 1 0,995 30 0.7 -99 0,959 0,3 0.3 1 60 -2693,762 -407,128 0,617 26 17 29,794
520 1 0,995 30 0.7 -99 0,959 0,3 0.3 1 60 -1970,199 -240,426 0,646 23 9 27,977
520 1 0,995 30 0.7 -99 0,959 0,3 0.3 1 60 -894,48 -153,579 0,719 8 3 28,045
517 1 0,995 29 0.7 -100 0,967 0,301 0.3 1 60 -4687,607 -456,517 0,755 45 31 27,918
517 1 0,995 29 0.7 -100 0,967 0,301 0.3 1 60 -525,219 -124,691 0,575 4 1 25,764
517 1 0,995 29 0.7 -100 0,967 0,301 0.3 1 60 -1611,11 -150,334 0,769 14 9 26,666
519 1 0,995 30 0.7 -100 0,962 0,3 0.3 1 60 -2192,405 -269,065 0,602 21 11 26,627
519 1 0,995 30 0.7 -100 0,962 0,3 0.3 1 60 -1347,88 -171,712 0,646 18 3 28,089
519 1 0,995 30 0.7 -100 0,962 0,3 0.3 1 60 -1340,814 -206,647 0,644 14 7 25,152
517 1 0,995 29 0.7 -99 0,964 0,299 0.3 1 60 -2875,908 -284,95 0,601 31 16 25,802
517 1 0,995 29 0.7 -99 0,964 0,299 0.3 1 60 -671,368 -71,157 0,621 8 1 25,459
517 1 0,995 29 0.7 -99 0,964 0,299 0.3 1 60 -1981,132 -345,449 0,674 18 11 28,166
517 1 0,995 30 0.7 -99 0,961 0,3 0.3 1 60 -1778,036 -182,834 0,633 18 9 28,089
517 1 0,995 30 0.7 -99 0,961 0,3 0.3 1 60 -1247,962 -288,761 0,634 14 4 26,881
517 1 0,995 30 0.7 -99 0,961 0,3 0.3 1 60 -2536,631 -298,291 0,663 30 12 27,108
518 1 0,995 29 0.7 -99 0,964 0,301 0.3 1 60 -2263,816 -376,905 0,632 23 14 25,83
518 1 0,995 29 0.7 -99 0,964 0,301 0.3 1 60 -1614,473 -261,59 0,708 19 7 27,657
518 1 0,995 29 0.7 -99 0,964 0,301 0.3 1 60 -1329,085 -249,255 0,69 13 6 26,388
517 1 0,995 30 0.7 -100 0,961 0,301 0.3 1 60 -3765,117 -425,716 0,699 36 20 26,992
517 1 0,995 30 0.7 -100 0,961 0,301 0.3 1 60 -1166,357 -224,853 0,693 12 4 27,761
517 1 0,995 30 0.7 -100 0,961 0,301 0.3 1 60 -1302,574 -227,092 0,603 11 8 26,184
518 1 0,995 30 0.7 -100 0,962 0,299 0.3 1 60 -1536,859 -269,319 0,579 16 6 26,552
518 1 0,995 30 0.7 -100 0,962 0,299 0.3 1 60 -1024,329 -249,843 0,577 10 4 28,022
518 1 0,995 30 0.7 -100 0,962 0,299 0.3 1 60 -2322,921 -292,39 0,724 29 9 27,297
518 1 0,995 29 0.7 -100 0,961 0,3 0.3 1 60 -2154,117 -238,713 0,723 29 8 27,151
518 1 0,995 29 0.7 -100 0,961 0,3 0.3 1 60 -2083,983 -243,814 0,73 26 7 27,541
518 1 0,995 29 0.7 -100 0,961 0,3 0.3 1 60 -1708,622 -260,855 0,698 22 6 27,715
518 1 0,995 30 0.7 -99 0,965 0,3 0.3 1 60 -935,186 -232,123 0,655 8 5 28,167
518 1 0,995 30 0.7 -99 0,965 0,3 0.3 1 60 -1207,059 -145,044 0,791 10 4 28,766
518 1 0,995 30 0.7 -99 0,965 0,3 0.3 1 60 -2878,879 -290,567 0,757 32 17 26,401
516 1 0,995 30 0.7 -100 0,963 0,3 0.3 1 60 -1744,997 -236,262 0,751 16 10 28,408
516 1 0,995 30 0.7 -100 0,963 0,3 0.3 1 60 -1732,241 -218,811 0,735 18 8 27,978
516 1 0,995 30 0.7 -100 0,963 0,3 0.3 1 60 -1329,62 -243,548 0,678 12 6 27,719
517 1 0,995 30 0.7 -100 0,965 0,3 0.3 1 60 -975,313 -145,362 0,707 8 3 29
517 1 0,995 30 0.7 -100 0,965 0,3 0.3 1 60 -1067,769 -271,453 0,679 11 4 28,362
517 1 0,995 30 0.7 -100 0,965 0,3 0.3 1 60 -1042,726 -229,104 0,612 10 4 26,62
519 1 0,995 30 0.7 -100 0,965 0,3 0.3 1 60 -342,503 -24,034 0,637 2 0 27,308
519 1 0,995 30 0.7 -100 0,965 0,3 0.3 1 60 -1719,348 -272,987 0,653 19 8 25,794
519 1 0,995 30 0.7 -100 0,965 0,3 0.3 1 60 -2767,145 -274,388 0,717 28 16 27,241
518 1 0,995 29 0.7 -100 0,961 0,299 0.3 1 60 -1511,865 -260,214 0,685 14 7 24,939
518 1 0,995 29 0.7 -100 0,961 0,299 0.3 1 60 -1678,519 -251,687 0,728 18 8 27,074
518 1 0,995 29 0.7 -100 0,961 0,299 0.3 1 60 -812,646 -160,716 0,755 6 3 30,251
516 1 0,995 30 0.7 -100 0,965 0,3 0.3 1 60 -1375,624 -261,904 0,655 13 5 24,237
516 1 0,995 30 0.7 -100 0,965 0,3 0.3 1 60 -1574,418 -306,17 0,656 16 7 27,284
516 1 0,995 30 0.7 -100 0,965 0,3 0.3 1 60 -2288,134 -389,826 0,669 26 12 27,724
519 1 0,995 29 0.7 -99 0,961 0,299 0.3 1 60 -763,735 -136,861 0,681 7 2 27,448
519 1 0,995 29 0.7 -99 0,961 0,299 0.3 1 60 -895,562 -223,704 0,623 9 3 24,268
519 1 0,995 29 0.7 -99 0,961 0,299 0.3 1 60 -1338,232 -177,282 0,643 16 5 27,23
519 1 0,995 29 0.7 -100 0,964 0,3 0.3 1 60 -304,016 -23,202 0,632 1 0 26,678
519 1 0,995 29 0.7 -100 0,964 0,3 0.3 1 60 -1630,781 -160,917 0,609 19 6 26,795
519 1 0,995 29 0.7 -100 0,964 0,3 0.3 1 60 -2450,241 -306,764 0,663 23 12 25,628
518 1 0,995 30 0.7 -99 0,961 0,301 0.3 1 60 -1268,887 -192,202 0,646 14 4 29,101
518 1 0,995 30 0.7 -99 0,961 0,301 0.3 1 60 -1504,972 -222,049 0,701 15 7 27,202
518 1 0,995 30 0.7 -99 0,961 0,301 0.3 1 60 -1282,626 -187,462 0,632 12 7 30,519
518 1 0,995 30 0.7 -100 0,964 0,3 0.3 1 60 -2481,011 -363,062 0,608 34 9 28,565
518 1 0,995 30 0.7 -100 0,964 0,3 0.3 1 60 -2362,168 -227,176 0,691 25 13 26,697
518 1 0,995 30 0.7 -100 0,964 0,3 0.3 1 60 -1656,721 -264,19 0,624 18 9 25,687
518 1 0,995 30 0.7 -100 0,962 0,3 0.3 1 60 -2644,977 -260,367 0,721 28 14 28,134
518 1 0,995 30 0.7 -100 0,962 0,3 0.3 1 60 -1546,883 -217,49 0,735 19 5 27,737
518 1 0,995 30 0.7 -100 0,962 0,3 0.3 1 60 -3093,533 -302,778 0,737 33 17 28,532
518 1 0,995 30 0.7 -99 0,963 0,3 0.3 1 60 -1928,191 -313,568 0,721 18 9 29,187
518 1 0,995 30 0.7 -99 0,963 0,3 0.3 1 60 -754,062 -212,6 0,631 6 3 28,309
518 1 0,995 30 0.7 -99 0,963 0,3 0.3 1 60 -1017,466 -184,523 0,621 11 3 23,313
518 1 0,995 29 0.7 -100 0,963 0,3 0.3 1 60 -1546,315 -243,906 0,63 17 5 27,238
518 1 0,995 29 0.7 -100 0,963 0,3 0.3 1 60 -2662,095 -261,644 0,773 32 11 27,92
518 1 0,995 29 0.7 -100 0,963 0,3 0.3 1 60 -2071,696 -248,137 0,684 23 9 24,753
518 1 0,995 30 0.7 -99 0,963 0,3 0.3 1 60 -1915,183 -278,457 0,683 17 9 27,59
518 1 0,995 30 0.7 -99 0,963 0,3 0.3 1 60 -1195,051 -181,477 0,718 11 6 28,427
518 1 0,995 30 0.7 -99 0,963 0,3 0.3 1 60 -1665,747 -355,502 0,667 17 8 28,741
518 1 0,995 30 0.7 -100 0,963 0,3 0.3 1 60 -1366,854 -243,263 0,67 12 6 26,705
518 1 0,995 30 0.7 -100 0,963 0,3 0.3 1 60 -791,449 -146,995 0,6 8 3 25,248
518 1 0,995 30 0.7 -100 0,963 0,3 0.3 1 60 -3956,827 -476,763 0,675 45 21 29,965
518 1 0,995 30 0.7 -99 0,963 0,3 0.3 1 60 -2290,629 -221,72 0,668 25 12 28,13
518 1 0,995 30 0.7 -99 0,963 0,3 0.3 1 60 -729,3 -202,222 0,668 5 3 28,028
518 1 0,995 30 0.7 -99 0,963 0,3 0.3 1 60 -4323,363 -757,719 0,717 42 27 26,268
518 1 0,995 29 0.7 -99 0,963 0,3 0.3 1 60 -3019,604 -296,841 0,617 29 17 26,586
518 1 0,995 29 0.7 -99 0,963 0,3 0.3 1 60 -1410,024 -336,624 0,658 13 7 25,109
518 1 0,995 29 0.7 -99 0,963 0,3 0.3 1 60 -1447,592 -249,759 0,712 11 8 25,995
518 1 0,995 30 0.7 -100 0,963 0,3 0.3 1 60 -981,543 -217,367 0,667 9 4 27,793
518 1 0,995 30 0.7 -100 0,963 0,3 0.3 1 60 -986,539 -229,638 0,678 11 2 27,523
518 1 0,995 30 0.7 -100 0,963 0,3 0.3 1 60 -1568,713 -243,318 0,677 18 6 26,55
518 1 0,995 29 0.7 -100 0,963 0,3 0.3 1 60 -1517,061 -286,146 0,688 13 8 26,842
518 1 0,995 29 0.7 -100 0,963 0,3 0.3 1 60 -1212,999 -258,527 0,682 12 5 27,284
518 1 0,995 29 0.7 -100 0,963 0,3 0.3 1 60 -3173,039 -609,199 0,661 33 19 27,012
518 1 0,995 29 0.7 -99 0,963 0,3 0.3 1 60 -1227,793 -170,559 0,651 12 6 26,559
518 1 0,995 29 0.7 -99 0,963 0,3 0.3 1 60 -1553,44 -221,602 0,658 18 6 28,444
518 1 0,995 29 0.7 -99 0,963 0,3 0.3 1 60 -2530,857 -261,456 0,72 28 12 26,737
518 1 0,995 30 0.7 -100 0,963 0,3 0.3 1 60 -2117,569 -266,602 0,687 25 9 28,138
518 1 0,995 30 0.7 -100 0,963 0,3 0.3 1 60 -972,543 -246,678 0,644 9 5 27,012
518 1 0,995 30 0.7 -100 0,963 0,3 0.3 1 60 -1943,656 -257,657 0,738 24 8 28,475
518 1 0,995 29 0.7 -99 0,963 0,3 0.3 1 60 -1420,379 -295,048 0,691 15 5 26,457
518 1 0,995 29 0.7 -99 0,963 0,3 0.3 1 60 -3851,082 -247,354 0,796 43 19 28,379
518 1 0,995 29 0.7 -99 0,963 0,3 0.3 1 60 -1704,767 -201,142 0,626 20 8 26,404
518 1 0,995 29 0.7 -99 0,963 0,3 0.3 1 60 -1095,7 -154,192 0,64 12 5 26,767
518 1 0,995 29 0.7 -99 0,963 0,3 0.3 1 60 -3343,449 -345,038 0,728 33 24 27,294
518 1 0,995 29 0.7 -99 0,963 0,3 0.3 1 60 -1025,723 -229,051 0,67 11 3 26,71
518 1 0,995 30 0.7 -100 0,963 0,3 0.3 1 60 -1786,403 -224,008 0,615 18 8 28,277
518 1 0,995 30 0.7 -100 0,963 0,3 0.3 1 60 -944,589 -158,158 0,557 11 3 25,891
518 1 0,995 30 0.7 -100 0,963 0,3 0.3 1 60 -1568,938 -268,577 0,762 15 6 29,403
518 1 0,995 30 0.7 -100 0,963 0,3 0.3 1 60 -735,414 -242,71 0,632 5 3 26,852
518 1 0,995 30 0.7 -100 0,963 0,3 0.3 1 60 -2243,989 -240,52 0,689 26 8 26,954
518 1 0,995 30 0.7 -100 0,963 0,3 0.3 1 60 -1724,883 -286,292 0,677 17 9 28,686
518 1 0,995 29 0.7 -100 0,963 0,3 0.3 1 60 -2504,063 -280,466 0,738 28 10 29,217
518 1 0,995 29 0.7 -100 0,963 0,3 0.3 1 60 -2540,552 -463,692 0,691 25 12 26,502
518 1 0,995 29 0.7 -100 0,963 0,3 0.3 1 60 -1669,711 -283,794 0,702 14 9 26,592
518 1 0,995 30 0.7 -99 0,963 0,3 0.3 1 60 -1527,932 -259,204 0,713 13 9 25,439
518 1 0,995 30 0.7 -99 0,963 0,3 0.3 1 60 -820,241 -154,997 0,698 8 2 26,73
518 1 0,995 30 0.7 -99 0,963 0,3 0.3 1 60 -3108,614 -497,764 0,78 36 14 28,908
518 1 0,995 30 0.7 -99 0,963 0,3 0.3 1 60 -1872,867 -394,213 0,723 18 7 26,284
518 1 0,995 30 0.7 -99 0,963 0,3 0.3 1 60 -1707,017 -233,011 0,681 21 6 27,43
518 1 0,995 30 0.7 -99 0,963 0,3 0.3 1 60 -2305,247 -276,268 0,674 23 13 27,128
518 1 0,995 29 0.7 -99 0,963 0,3 0.3 1 60 -1080,068 -198,778 0,685 15 2 27,493
518 1 0,995 29 0.7 -99 0,963 0,3 0.3 1 60 -1590,921 -219,797 0,73 13 10 26,87
518 1 0,995 29 0.7 -99 0,963 0,3 0.3 1 60 -1287,553 -199,926 0,659 14 6 26,214
518 1 0,995 29 0.7 -99 0,963 0,3 0.3 1 60 -1021,758 -210,351 0,677 13 2 25,583
518 1 0,995 29 0.7 -99 0,963 0,3 0.3 1 60 -2827,318 -341,487 0,643 30 14 27,559
518 1 0,995 29 0.7 -99 0,963 0,3 0.3 1 60 -2219,963 -271,123 0,629 28 9 25,713
518 1 0,995 30 0.7 -100 0,963 0,3 0.3 1 60 -2651,301 -297,047 0,654 32 11 27,127
518 1 0,995 30 0.7 -100 0,963 0,3 0.3 1 60 -1789,202 -255,576 0,638 17 9 29,417
518 1 0,995 30 0.7 -100 0,963 0,3 0.3 1 60 -2783,974 -234,177 0,732 31 15 29,56
518 1 0,995 29 0.7 -99 0,963 0,3 0.3 1 60 -716,968 -131,408 0,609 6 3 25,608
518 1 0,995 29 0.7 -99 0,963 0,3 0.3 1 60 -1951,028 -247,24 0,688 20 11 26,172
518 1 0,995 29 0.7 -99 0,963 0,3 0.3 1 60 -1905,912 -182,989 0,716 20 9 28,99
518 1 0,995 29 0.7 -99 0,963 0,3 0.3 1 60 -1606,743 -241,147 0,667 14 8 26,562
518 1 0,995 29 0.7 -99 0,963 0,3 0.3 1 60 -739,049 -172,856 0,732 6 2 27,727
518 1 0,995 29 0.7 -99 0,963 0,3 0.3 1 60 -1428,35 -212,873 0,686 18 4 27,089
518 1 0,995 30 0.7 -99 0,963 0,3 0.3 1 60 -916,53 -237,407 0,647 9 3 25,731
518 1 0,995 30 0.7 -99 0,963 0,3 0.3 1 60 -1176,604 -199,205 0,682 12 4 26,989
518 1 0,995 30 0.7 -99 0,963 0,3 0.3 1 60 -1957,725 -247,191 0,59 21 10 25,589
518 1 0,995 29 0.7 -99 0,963 0,3 0.3 1 60 -2289,056 -230,065 0,7 28 10 26,648
518 1 0,995 29 0.7 -99 0,963 0,3 0.3 1 60 -3171,557 -332,054 0,629 41 16 26,907
518 1 0,995 29 0.7 -99 0,963 0,3 0.3 1 60 -704,281 -176,353 0,6 6 4 23,855
518 1 0,995 30 0.7 -100 0,963 0,3 0.3 1 60 -2030,244 -241,455 0,735 21 9 27,607
518 1 0,995 30 0.7 -100 0,963 0,3 0.3 1 60 -1307,724 -184,92 0,689 13 5 26,932
518 1 0,995 30 0.7 -100 0,963 0,3 0.3 1 60 -323,978 -45,386 0,571 2 0 27,762
518 1 0,995 29 0.7 -99 0,963 0,3 0.3 1 60 -992,404 -245,489 0,706 10 3 25,764
518 1 0,995 29 0.7 -99 0,963 0,3 0.3 1 60 -1506,334 -199,932 0,725 19 5 26,572
518 1 0,995 29 0.7 -99 0,963 0,3 0.3 1 60 -1308,117 -140,694 0,715 10 6 27,297
518 1 0,995 30 0.7 -100 0,963 0,3 0.3 1 60 -1257,654 -178,066 0,632 17 3 27,117
518 1 0,995 30 0.7 -100 0,963 0,3 0.3 1 60 -1715,665 -305,003 0,744 18 6 28,701
518 1 0,995 30 0.7 -100 0,963 0,3 0.3 1 60 -1917,679 -243,87 0,748 24 6 27,711
518 1 0,995 30 0.7 -100 0,963 0,3 0.3 1 60 -2350,322 -397,051 0,693 26 8 25,884
518 1 0,995 30 0.7 -100 0,963 0,3 0.3 1 60 -1721,033 -260,69 0,649 17 10 25,611
518 1 0,995 30 0.7 -100 0,963 0,3 0.3 1 60 -1148,158 -189,524 0,6 14 3 26,24
518 1 0,995 29 0.7 -100 0,963 0,3 0.3 1 60 -4661,148 -289,074 0,783 47 26 26,173
518 1 0,995 29 0.7 -100 0,963 0,3 0.3 1 60 -1770,846 -373,975 0,735 21 7 26,613
518 1 0,995 29 0.7 -100 0,963 0,3 0.3 1 60 -711,731 -100,85 0,708 5 2 24,846
518 1 0,995 29 0.7 -99 0,963 0,3 0.3 1 60 -1405,771 -176,555 0,678 14 6 25,742
518 1 0,995 29 0.7 -99 0,963 0,3 0.3 1 60 -1541,979 -276,289 0,726 17 7 24,8
518 1 0,995 29 0.7 -99 0,963 0,3 0.3 1 60 -2736,071 -271,463 0,719 35 12 29,378
518 1 0,995 30 0.7 -100 0,963 0,3 0.3 1 60 -1853,119 -220,928 0,698 23 7 26,824
518 1 0,995 30 0.7 -100 0,963 0,3 0.3 1 60 -886,821 -282,737 0,673 6 4 27,581
518 1 0,995 30 0.7 -100 0,963 0,3 0.3 1 60 -823,734 -142,23 0,647 7 2 25,283
518 1 0,995 29 0.7 -100 0,963 0,3 0.3 1 60 -2901,381 -292,441 0,686 33 14 27,69
518 1 0,995 29 0.7 -100 0,963 0,3 0.3 1 60 -1905,067 -386,341 0,755 15 12 28,448
518 1 0,995 29 0.7 -100 0,963 0,3 0.3 1 60 -1840,301 -236,755 0,659 14 10 26,824
518 1 0,995 30 0.7 -99 0,963 0,3 0.3 1 60 -2260,759 -204,396 0,698 26 12 28,23
518 1 0,995 30 0.7 -99 0,963 0,3 0.3 1 60 -2000,84 -283,366 0,646 19 10 26,966
518 1 0,995 30 0.7 -99 0,963 0,3 0.3 1 60 -4777,697 -400,581 0,744 48 27 28,034
518 1 0,995 30 0.7 -100 0,963 0,3 0.3 1 60 -2149,399 -267,991 0,695 21 12 27,03
518 1 0,995 30 0.7 -100 0,963 0,3 0.3 1 60 -3075,284 -401,033 0,674 31 16 28,014
518 1 0,995 30 0.7 -100 0,963 0,3 0.3 1 60 -2182,121 -278,102 0,681 25 10 27,692
518 1 0,995 29 0.7 -99 0,963 0,3 0.3 1 60 -1027,641 -267,706 0,662 9 5 26,26
518 1 0,995 29 0.7 -99 0,963 0,3 0.3 1 60 -1481,594 -210,938 0,634 17 6 27,561
518 1 0,995 29 0.7 -99 0,963 0,3 0.3 1 60 -3151,537 -383,948 0,67 36 14 28,518
518 1 0,995 30 0.7 -99 0,963 0,3 0.3 1 60 -352,333 -41,531 0,588 3 0 25,193
518 1 0,995 30 0.7 -99 0,963 0,3 0.3 1 60 -661,786 -88,329 0,644 6 2 28,233
518 1 0,995 30 0.7 -99 0,963 0,3 0.3 1 60 -1896,899 -246,958 0,689 19 9 25,648
518 1 0,995 29 0.7 -100 0,963 0,3 0.3 1 60 -2182,103 -236,761 0,697 21 10 26,282
518 1 0,995 29 0.7 -100 0,963 0,3 0.3 1 60 -1205,281 -288,91 0,642 10 5 26,251
518 1 0,995 29 0.7 -100 0,963 0,3 0.3 1 60 -1408,818 -226,704 0,561 14 8 24,589
518 1 0,995 30 0.7 -99 0,963 0,3 0.3 1 60 -2218,257 -283,054 0,684 23 9 26,771
518 1 0,995 30 0.7 -99 0,963 0,3 0.3 1 60 -1170,373 -162,813 0,703 11 4 26,122
518 1 0,995 30 0.7 -99 0,963 0,3 0.3 1 60 -1785,135 -192,068 0,681 20 6 26,593
518 1 0,995 29 0.7 -99 0,963 0,3 0.3 1 60 -1338,392 -177,609 0,635 17 4 26,354
518 1 0,995 29 0.7 -99 0,963 0,3 0.3 1 60 -1841,102 -263,562 0,617 21 8 25,83
518 1 0,995 29 0.7 -99 0,963 0,3 0.3 1 60 -1415,331 -184,212 0,733 18 4 27,815
518 1 0,995 30 0.7 -100 0,963 0,3 0.3 1 60 -3383,705 -521,729 0,731 32 18 28,797
518 1 0,995 30 0.7 -100 0,963 0,3 0.3 1 60 -1076,737 -196,496 0,574 13 4 24,556
518 1 0,995 30 0.7 -100 0,963 0,3 0.3 1 60 -1830,409 -302,784 0,598 19 8 26,798
518 1 0,995 30 0.7 -99 0,963 0,3 0.3 1 60 -2668,728 -412,251 0,677 31 11 27,588
518 1 0,995 30 0.7 -99 0,963 0,3 0.3 1 60 -3202,661 -263,175 0,785 35 16 30,528
518 1 0,995 30 0.7 -99 0,963 0,3 0.3 1 60 -1901,402 -224,374 0,683 20 10 26,64
518 1 0,995 29 0.7 -99 0,963 0,3 0.3 1 60 -1964,836 -297,058 0,63 21 11 26,268
518 1 0,995 29 0.7 -99 0,963 0,3 0.3 1 60 -1692,647 -254,934 0,665 16 8 26,941
518 1 0,995 29 0.7 -99 0,963 0,3 0.3 1 60 -2509,401 -274,296 0,765 29 13 29,489
518 1 0,995 29 0.7 -99 0,963 0,3 0.3 1 60 -1930,861 -273,66 0,675 20 9 27,227
518 1 0,995 29 0.7 -99 0,963 0,3 0.3 1 60 -1581,705 -308,965 0,722 19 5 26,625
518 1 0,995 29 0.7 -99 0,963 0,3 0.3 1 60 -855,638 -283,755 0,609 6 3 25,868
518 1 0,995 30 0.7 -100 0,963 0,3 0.3 1 60 -2543,984 -452,792 0,722 30 11 30,798
518 1 0,995 30 0.7 -100 0,963 0,3 0.3 1 60 -988,503 -244,346 0,672 10 3 28,433
518 1 0,995 30 0.7 -100 0,963 0,3 0.3 1 60 -1898,404 -197,499 0,701 25 7 27,829
518 1 0,995 30 0.7 -100 0,963 0,3 0.3 1 60 -1377,104 -269,395 0,651 15 5 28,788
518 1 0,995 30 0.7 -100 0,963 0,3 0.3 1 60 -1758,626 -272,101 0,664 17 9 26,731
518 1 0,995 30 0.7 -100 0,963 0,3 0.3 1 60 -945,274 -162,014 0,627 13 2 26,912
518 1 0,995 29 0.7 -100 0,963 0,3 0.3 1 60 -1284,767 -266,545 0,701 15 5 25,232
518 1 0,995 29 0.7 -100 0,963 0,3 0.3 1 60 -794,727 -223,64 0,614 6 3 25,509
518 1 0,995 29 0.7 -100 0,963 0,3 0.3 1 60 -1740,545 -203,395 0,696 19 8 25,384
518 1 0,995 30 0.7 -99 0,963 0,3 0.3 1 60 -1137,768 -147,53 0,649 11 4 27,438
518 1 0,995 30 0.7 -99 0,963 0,3 0.3 1 60 -1176,8 -180,698 0,686 10 5 26,441
518 1 0,995 30 0.7 -99 0,963 0,3 0.3 1 60 -1323,835 -201,504 0,707 15 5 27,645
518 1 0,995 29 0.7 -99 0,963 0,3 0.3 1 60 -1999,441 -341,792 0,631 24 9 25,102
518 1 0,995 29 0.7 -99 0,963 0,3 0.3 1 60 -904,464 -126,163 0,734 10 2 26,597
518 1 0,995 29 0.7 -99 0,963 0,3 0.3 1 60 -1692,639 -299,126 0,649 14 9 25,514
518 1 0,995 29 0.7 -99 0,963 0,3 0.3 1 60 -1633,946 -192,001 0,728 15 9 27,547
518 1 0,995 29 0.7 -99 0,963 0,3 0.3 1 60 -903,672 -196,722 0,654 9 4 25,951
518 1 0,995 29 0.7 -99 0,963 0,3 0.3 1 60 -2152,675 -296,874 0,674 23 10 26,554
518 1 0,995 30 0.7 -100 0,963 0,3 0.3 1 60 -267,27 -9,511 0,667 0 0 27,448
518 1 0,995 30 0.7 -100 0,963 0,3 0.3 1 60 -1176,349 -211,227 0,691 12 4 25,271
518 1 0,995 30 0.7 -100 0,963 0,3 0.3 1 60 -1369,492 -185,918 0,635 15 6 27,499
518 1 0,995 29 0.7 -100 0,963 0,3 0.3 1 60 -1233,372 -236,029 0,679 14 4 25,454
518 1 0,995 29 0.7 -100 0,963 0,3 0.3 1 60 -672,713 -191,296 0,679 4 3 26,808
518 1 0,995 29 0.7 -100 0,963 0,3 0.3 1 60 -2312,267 -292,167 0,733 20 14 29,044
518 1 0,995 30 0.7 -99 0,963 0,3 0.3 1 60 -958,727 -178,612 0,62 10 3 27,02
518 1 0,995 30 0.7 -99 0,963 0,3 0.3 1 60 -4811,297 -542,435 0,738 47 32 29,129
518 1 0,995 30 0.7 -99 0,963 0,3 0.3 1 60 -1742,197 -214,594 0,724 23 6 28,65
518 1 0,995 29 0.7 -99 0,963 0,3 0.3 1 60 -2534,692 -339,623 0,648 28 13 27,435
518 1 0,995 29 0.7 -99 0,963 0,3 0.3 1 60 -1645,19 -420,521 0,654 18 8 27,274
518 1 0,995 29 0.7 -99 0,963 0,3 0.3 1 60 -2468,421 -250,481 0,634 24 14 28,136
518 1 0,995 30 0.7 -100 0,963 0,3 0.3 1 60 -1595,695 -179,783 0,667 18 5 25,88
518 1 0,995 30 0.7 -100 0,963 0,3 0.3 1 60 -1665,573 -277,124 0,652 15 9 26,913
518 1 0,995 30 0.7 -100 0,963 0,3 0.3 1 60 -3401,408 -365,435 0,711 34 19 27,425
518 1 0,995 29 0.7 -100 0,963 0,3 0.3 1 60 -297,884 -10,209 0,687 0 0 26,317
518 1 0,995 29 0.7 -100 0,963 0,3 0.3 1 60 -1519,41 -250,154 0,672 16 6 26,154
518 1 0,995 29 0.7 -100 0,963 0,3 0.3 1 60 -1444,459 -248,045 0,756 14 5 25,876
518 1 0,995 29 0.7 -100 0,963 0,3 0.3 1 60 -1706,82 -161,161 0,631 22 7 26,183
518 1 0,995 29 0.7 -100 0,963 0,3 0.3 1 60 -1268,072 -257,986 0,667 14 4 26,358
518 1 0,995 29 0.7 -100 0,963 0,3 0.3 1 60 -2462,795 -215,147 0,682 38 8 30,995
518 1 0,995 30 0.7 -99 0,963 0,3 0.3 1 60 -1004,29 -218,478 0,692 8 4 27,152
518 1 0,995 30 0.7 -99 0,963 0,3 0.3 1 60 -1697,831 -260,543 0,706 15 8 27,428
518 1 0,995 30 0.7 -99 0,963 0,3 0.3 1 60 -2205,659 -297,384 0,723 29 7 27,37
518 1 0,995 30 0.7 -99 0,963 0,3 0.3 1 60 -1065,371 -120,841 0,745 10 4 28,206
518 1 0,995 30 0.7 -99 0,963 0,3 0.3 1 60 -1249,972 -172,953 0,674 15 4 29,074
518 1 0,995 30 0.7 -99 0,963 0,3 0.3 1 60 -898,042 -137,75 0,647 10 2 27,013
0 0 0,992 40 0.7 -80 0,18 0,92 0.3 1 60 -458,444 -6,673 0,99 0 0 20,91
500.0 1.0 0,99 30 0.7 -100 0,963 0,3 0.3 1 60 -569,182 -31,952 0,949 2 0 12,747
500.0 1.0 0,99 30 0.7 -100 0,963 0,3 0.3 1 60 -482,211 -27,509 0,892 1 0 11,606
500.0 1.0 0,99 30 0.7 -100 0,963 0,3 0.3 1 60 -540,923 -33,587 1,035 1 0 11,523
518.1666666666666 1.0 0,99 30 0.7 -100 0,963 0,3 0.3 1 60 -429,651 -10,749 0,925 0 0 11,335
518.1666666666666 1.0 0,99 30 0.7 -100 0,963 0,3 0.3 1 60 -491,571 -35,451 0,98 1 0 11,857
518.1666666666666 1.0 0,99 30 0.7 -100 0,963 0,3 0.3 1 60 -512,077 -13,114 1,063 0 0 12,032
500.0 1.0 0,99 31 0.7 -100 0,963 0,3 0.3 1 60 -560,766 -25,81 1,021 1 0 12,718
500.0 1.0 0,99 31 0.7 -100 0,963 0,3 0.3 1 60 -506,303 -55,99 0,854 1 1 12,892
500.0 1.0 0,99 31 0.7 -100 0,963 0,3 0.3 1 60 -435,912 -12,168 0,986 0 0 12,09
500.0 1.0 0,99 30 0.7 -103 0,963 0,3 0.3 1 60 -439,387 -13,032 0,957 0 0 11,767
500.0 1.0 0,99 30 0.7 -103 0,963 0,3 0.3 1 60 -421,181 -9,808 0,956 0 0 11,982
500.0 1.0 0,99 30 0.7 -103 0,963 0,3 0.3 1 60 -447,006 -9,025 0,978 0 0 12,372
500.0 1.0 0,99 30 0.7 -100 0,999 0,3 0.3 1 60 -492,119 -21,151 1,02 1 0 12,107
500.0 1.0 0,99 30 0.7 -100 0,999 0,3 0.3 1 60 -508,518 -30,37 0,94 1 0 11,53
500.0 1.0 0,99 30 0.7 -100 0,999 0,3 0.3 1 60 -530,694 -30,808 0,946 2 0 12,764
500.0 1.0 0,99 30 0.7 -100 0,963 0,311 0.3 1 60 -501,601 -27,731 0,97 1 0 14,34
500.0 1.0 0,99 30 0.7 -100 0,963 0,311 0.3 1 60 -587,561 -49,624 1,002 2 1 12,332
500.0 1.0 0,99 30 0.7 -100 0,963 0,311 0.3 1 60 -536,788 -30,193 1,046 1 0 12,497
481.8333333333333 1.0 0,99 30 0.7 -100 0,963 0,3 0.3 1 60 -484,832 -27,415 0,931 1 0 13,064